# MALT90 Year 2 catalog from dstncs201.dat Sun Dec 11 17:56:52 2011 velocat=/mako4/d/scott/velo/socat211-rev.dat  Reid rotation model
#source          type     londeg     latdeg    vbest     vrms vcode  kdnear   kdfar   derrp   derrm   probn   probf  dcode comment
 G000.013-00.019    0   0.014345  -0.022336   107.07    30.63     6   8.496   8.504   0.001   0.002  -1.000  -1.000      0 multiple-wide-components
 G000.053-00.209    0   0.053825  -0.208718    14.67     0.19    30   8.372   8.628   0.032   0.065  -1.000  -1.000      0 OK
 G000.090-00.664    0   0.090970  -0.662944    17.69     0.08    30   8.322   8.678   0.039   0.068  -1.000  -1.000      0 OK
 G000.110+00.148    0   0.110247   0.149323    95.27     3.89    30   8.463   8.537   0.003   0.003  -1.000  -1.000      0 wide
 G000.420-00.178    0   0.420063  -0.177258    17.17     1.30    18   7.716   9.284   0.169   0.295  -1.000  -1.000      0 wide
 G000.483-00.709    0   0.483148  -0.708052    13.41     1.00    30   7.393   9.606   0.276   0.547  -1.000  -1.000      0 OK
 G000.487-00.682    0   0.487900  -0.681698    14.33     0.51    30   7.447   9.553   0.248   0.468  -1.000  -1.000      0 OK
 G000.525+00.181    0   0.526110   0.181883    -1.59     0.76    14  33.333  33.333  32.823  38.045  -1.000  -1.000      1 OK
 G000.633+00.601    0   0.633208   0.601359    -1.25     0.21    30  24.270  24.270  19.262  24.270  -1.000  -1.000      1 OK
 G000.766-00.248    0   0.767042  -0.247610   -48.20     0.50    30   0.000   0.000   0.000   0.000  -1.000  -1.000      4 strong-abs;multiple-pks
 G000.770-00.190    0   0.771033  -0.189329    26.90    31.10    30   7.600   9.399   0.471   7.600  -1.000  -1.000      0 multiple-wide-cmpnts
 G000.832-00.201    0   0.833011  -0.200260    56.56    44.46    14   8.023   8.975   0.223   1.446  -1.000  -1.000      0 multiple-wide-cmpnts
 G000.836+00.183    0   0.836091   0.183588     6.03     0.70    30   5.401  11.597   1.073   3.471  -1.000  -1.000      0 OK
 G001.226+00.059    0   1.226676   0.059484   108.87     9.81    12   8.163   8.833   0.039   0.046  -1.000  -1.000      0 huge-wide-pk
 G001.336+00.103    0   1.336376   0.103505    82.13    11.74    14   7.996   9.000   0.075   0.098  -1.000  -1.000      0 wide-pk
 G001.599+00.015    0   1.599800   0.015774    67.00     2.00    30   7.765   9.228   0.055   0.063  -1.000  -1.000      0 wide-pks;2nd-pk-40.0
 G001.694-00.385    0   1.694847  -0.384622   -24.30     1.00    14   0.000   0.000   0.000   0.000  -1.000  -1.000      4 wide;2nd-pk--56.
 G001.734-00.410    0   1.734779  -0.408843   -36.48     7.25    30   0.000   0.000   0.000   0.000  -1.000  -1.000      4 wide-multiple-pks
 G002.163-00.107    0   2.163333  -0.105931   136.30     1.50    12   8.076   8.912   0.023   0.024  -1.000  -1.000      0 wide
 G003.033+00.405    0   3.032362   0.407032    16.00     1.00     1   4.784  12.193   0.566   0.808  -1.000  -1.000      0 weak
 G004.135-00.020    0   4.136153  -0.019655     6.23     0.89    14   2.320  14.635   1.099   1.696  -1.000  -1.000      0 OK
 G004.503+00.418    0   4.503775   0.419128    13.71     0.13    30   3.642  13.305   0.654   0.888  -1.000  -1.000      0 OK
 G004.516-00.803    0   4.517124  -0.799827   186.62     1.09    12   8.077   8.870   0.038   0.038  -1.000  -1.000      0 OK
 G004.627-00.665    0   4.627795  -0.666955     9.42     0.66    30   2.850  14.095   0.848   1.203  -1.000  -1.000      0 OK
 G004.680+00.277    0   4.680364   0.277830     3.84     1.12    14   1.476  15.467   1.262  15.950  -1.000  -1.000      0 OK
 G004.685+00.005    0   4.685121   0.005176    10.00     1.00    10   2.939  14.004   0.823   1.160  -1.000  -1.000      0 ratty
 G004.709-00.438    0   4.709031  -0.437490     5.43     0.31    30   1.914  15.029   1.098   1.636  -1.000  -1.000      0 OK
 G004.747-00.067    0   4.747179  -0.066508    14.15     1.00    12   3.601  13.340   0.646   0.871  -1.000  -1.000      0 bad-n2hp-fit
 G004.748-00.763    0   4.748230  -0.762416   211.66     3.02    12   8.293   8.649   0.100   0.065  -1.000  -1.000      0 wide
 G004.763+00.088    0   4.763723   0.088021    13.33     0.32    30   3.472  13.469   0.666   0.898  -1.000  -1.000      0 OK
 G004.788+00.057    0   4.788324   0.057376    13.60     0.08    30   3.503  13.438   0.654   0.879  -1.000  -1.000      0 OK
 G004.804-00.159    0   4.804967  -0.158226    11.07     0.90     6   3.086  13.854   0.765   1.059  -1.000  -1.000      0 OK
 G004.827+00.231    0   4.827417   0.231665    14.02     0.96    30   3.549  13.391   0.649   0.872  -1.000  -1.000      0 OK
 G004.885-00.172    0   4.885658  -0.171754     9.97     0.30    14   2.857  14.082   0.804   1.116  -1.000  -1.000      0 bad-n2hp-fit
 G005.355+00.097    0   5.355435   0.097122    11.66     0.21    30   2.982  13.943   0.715   0.956  -1.000  -1.000      0 OK
 G005.615-00.092    0   5.615560  -0.091673   -26.61     0.21    14   0.000   0.000 104.626   0.000  -1.000  -1.000      4 OK
 G005.637+00.238    0   5.637780   0.238911     8.99     0.58    30   2.424  14.494   0.820   1.115  -1.000  -1.000      0 OK
 G005.884-00.392    0   5.884828  -0.391418     8.94     0.43    30   2.344  14.566   0.808   1.088  -1.000  -1.000      0 OK
 G005.884-00.393    0   5.885212  -0.392270     8.87     0.45    30   2.331  14.579   0.812   1.093  -1.000  -1.000      0 OK
 G005.893-00.320    0   5.893545  -0.319138    10.48     0.20    30   2.614  14.296   0.742   0.984  -1.000  -1.000      0 OK
 G005.899-00.428    0   5.899767  -0.427723     6.62     0.46    30   1.881  15.029   0.921   1.267  -1.000  -1.000      0 OK
 G005.912-00.949    0   5.912267  -0.948536    13.71     0.37    22   3.109  13.801   0.632   0.817  -1.000  -1.000      0 OK
 G006.188-00.118    0   6.188937  -0.116919    11.10     1.25    12   2.632  14.269   0.727   0.958  -1.000  -1.000      0 OK
 G006.188-00.358    0   6.185691  -0.356195   -33.56     0.41    30   0.000   0.000   0.000   0.000  -1.000  -1.000      4 OK
 G006.216-00.609    0   6.216860  -0.608943    18.28     0.59    30   3.590  13.310   0.513   0.641  -1.000  -1.000      0 OK
 G006.498-00.323    0   6.498410  -0.322653     0.30     5.12    22   0.195  16.696   1.721  19.412  -1.000  -1.000      0 wide
 G006.547-00.288    0   6.547404  -0.287323     6.91     0.32    14   1.800  15.089   0.862   1.151  -1.000  -1.000      0 OK
 G006.551-00.097    0   6.551262  -0.096646    13.50     1.00    14   2.889  14.000   0.633   0.809  -1.000  -1.000      0 bad-n2hp-fit
 G006.565-00.318    0   6.565119  -0.317785     6.91     1.62    30   1.796  15.092   0.898   1.216  -1.000  -1.000      0 wide
 G006.796-00.256    0   6.796636  -0.255596    21.84     0.12    30   3.784  13.096   0.440   0.535  -1.000  -1.000      0 strong-abs
 G007.166+00.132    0   7.165974   0.132680    80.71     0.22    30   6.409  10.458   0.112   0.121  -1.000  -1.000      0 OK
 G007.276-00.531    0   7.276782  -0.530696    18.78     0.31    30   3.338  13.525   0.491   0.599  -1.000  -1.000      0 OK
 G007.333-00.567    0   7.334061  -0.566576    20.58     0.15    30   3.509  13.351   0.458   0.554  -1.000  -1.000      0 OK
 G007.462-00.285    0   7.462452  -0.284524    26.70     0.64    30   4.025  12.831   0.375   0.443  -1.000  -1.000      0 OK
 G007.471+00.061    0   7.471549   0.061599   -13.98    -0.50     2  23.502  23.502   3.387   6.111  -1.000  -1.000      1 weak
 G007.632-00.109    0   7.632023  -0.107795   154.15     0.15    12   7.517   9.332   0.062   0.063  -1.000  -1.000      0 OK
 G008.006-00.137    0   8.007100  -0.136062    40.34     0.21    30   4.783  12.051   0.255   0.290  -1.000  -1.000      0 OK
 G008.136+00.244    0   8.136239   0.244864    19.65     0.50    30   3.216  13.612   0.468   0.562  -1.000  -1.000      0 strong-abs
 G008.141+00.224    0   8.141403   0.224119    19.46     0.81    30   3.196  13.633   0.475   0.571  -1.000  -1.000      0 OK
 G008.350-00.317    0   8.350741  -0.316866    38.89     0.24    30   4.620  12.200   0.266   0.303  -1.000  -1.000      0 OK
 G008.458-00.224    0   8.459106  -0.222988    37.97     0.18    30   4.542  12.273   0.273   0.311  -1.000  -1.000      0 OK
 G008.708-00.414    0   8.709032  -0.413369    38.73     0.35    30   4.528  12.276   0.269   0.305  -1.000  -1.000      0 OK
 G008.739-00.725    0   8.739586  -0.724450    17.22     0.43    14   2.831  13.972   0.501   0.600  -1.000  -1.000      0 OK
 G008.831-00.028    0   8.831654  -0.027043     2.75     1.53    14   0.690  16.108   0.921  16.612  -1.000  -1.000      0 OK
 G008.955-00.535    0   8.955408  -0.533996    21.36     1.82    10   3.204  13.589   0.459   0.546  -1.000  -1.000      0 ratty
 G009.037-00.521    0   9.037999  -0.519979    37.57     0.65    30   4.388  12.401   0.279   0.317  -1.000  -1.000      0 OK
 G009.212-00.202    0   9.212509  -0.201172    42.42     0.12    30   4.621  12.160   0.248   0.279  -1.000  -1.000      0 strong-abs
 G009.222+00.167    0   9.222731   0.167621    16.93     0.28    30   2.706  14.074   0.497   0.592  -1.000  -1.000      0 OK
 G009.283-00.149    0   9.283247  -0.148127    41.06     0.74    30   4.533  12.244   0.259   0.291  -1.000  -1.000      0 OK
 G009.422-00.704    0   9.422835  -0.703208    19.54     0.44    30   2.937  13.834   0.455   0.537  -1.000  -1.000      0 OK
 G009.606-00.702    0   9.606496  -0.702109    25.95     0.56    30   3.470  13.292   0.376   0.435  -1.000  -1.000      0 OK
 G009.620+00.195    0   9.620122   0.195185     4.86     0.52    30   1.020  15.741   0.764   0.951  -1.000  -1.000      0 OK
 G009.796-00.707    0   9.796137  -0.706941    26.48     0.13    14   3.475  13.277   0.368   0.424  -1.000  -1.000      0 OK
 G009.826-00.727    0   9.826744  -0.726105    26.55     0.48    30   3.475  13.276   0.369   0.425  -1.000  -1.000      0 OK
 G009.862-00.101    0   9.862624  -0.100781     4.31     1.50     2   0.909  15.840   0.795  15.927  -1.000  -1.000      0 ratty
 G009.877-00.748    0   9.877173  -0.747666    28.46     0.41    30   3.611  13.137   0.350   0.401  -1.000  -1.000      0 OK
 G009.985-00.026    0   9.985924  -0.025295    49.06     0.46    30   4.792  11.950   0.220   0.243  -1.000  -1.000      0 OK
 G010.078-00.193    0  10.078685  -0.192187    27.74     2.79     6   3.519  13.219   0.402   0.470  -1.000  -1.000      0 OK
 G010.105-00.415    0  10.105846  -0.414897    11.70     0.10    14   1.956  14.780   0.573   0.686  -1.000  -1.000      0 2nd-pk-+30.6
 G010.151-00.343    0  10.151591  -0.342463     8.67     0.84    30   1.551  15.183   0.644   0.782  -1.000  -1.000      0 OK
 G010.169-00.362    0  10.169208  -0.361316    15.30     3.32    30   2.369  14.364   0.599   0.733  -1.000  -1.000      0 wide
 G010.185-00.346    0  10.185243  -0.345491    15.08     2.87    30   2.342  14.390   0.582   0.706  -1.000  -1.000      0 wide-multiple-pks
 G010.293-00.269    0  10.293613  -0.268106    27.30     1.00    14   3.445  13.281   0.364   0.418  -1.000  -1.000      0 2nd-pk-+9.7-hcop
 G010.321-00.257    0  10.321326  -0.256041    32.31     0.44    14   3.799  12.926   0.317   0.359  -1.000  -1.000      0 OK
 G010.322-00.160    0  10.322274  -0.159919    12.49     0.08    30   2.024  14.701   0.553   0.658  -1.000  -1.000      0 OK
 G010.342-00.142    0  10.342604  -0.141814    12.48     0.18    30   2.020  14.704   0.552   0.658  -1.000  -1.000      0 OK
 G010.355-00.148    0  10.355128  -0.147830    11.84     0.10    14   1.941  14.783   0.564   0.673  -1.000  -1.000      0 2nd-pk-+43.1-hcop
 G010.445-00.017    0  10.445830  -0.016624    73.76     1.33    14   5.633  11.085   0.153   0.164  -1.000  -1.000      0 OK
 G010.473+00.028    0  10.473070   0.028811    66.78     0.64    30   5.404  11.313   0.165   0.178  -1.000  -1.000      0 wide
 G010.578-00.348    0  10.578586  -0.347883    -2.88     0.13    30  17.199  17.199  16.704   1.246  -1.000  -1.000      1 OK
 G010.616-00.029    0  10.616681  -0.028516    63.55     0.13    30   5.267  11.442   0.173   0.187  -1.000  -1.000      0 OK
 G010.622-00.421    0  10.622284  -0.420331    -1.89     0.58    30  16.982  16.982  16.314   1.189  -1.000  -1.000      1 OK
 G010.624-00.383    0  10.625006  -0.382407    -3.07     0.77    30  17.235  17.235  16.766   1.268  -1.000  -1.000      1 OK
 G010.627-00.337    0  10.627499  -0.336134    -4.48     0.15    30  17.556  17.556  17.353   1.346  -1.000  -1.000      1 OK
 G010.661+00.080    0  10.661773   0.080928    20.71     0.69    14   2.832  13.875   0.429   0.497  -1.000  -1.000      0 OK
 G010.670-00.221    0  10.670741  -0.220730    28.98     0.91    14   3.503  13.203   0.347   0.395  -1.000  -1.000      0 OK
 G010.685-00.307    0  10.685888  -0.306446    -1.67     0.13    30  16.931  16.931  16.235   1.159  -1.000  -1.000      1 OK
 G010.958+00.022    0  10.958638   0.023088    21.40     0.26    30   2.847  13.843   0.414   0.478  -1.000  -1.000      0 OK
 G010.984-00.368    0  10.984476  -0.367630    -0.59     0.35    14  16.695  16.695  15.840   1.070  -1.000  -1.000      1 OK
 G010.999-00.371    0  10.999622  -0.369001    -0.81     0.20    30  16.736  16.736  15.917   1.078  -1.000  -1.000      1 OK
 G011.083-00.534    0  11.083384  -0.533293    29.15     0.59    30   3.445  13.238   0.341   0.387  -1.000  -1.000      0 OK
 G011.364+00.802    0  11.364365   0.802703    28.38     0.52    14   3.343  13.323   0.346   0.392  -1.000  -1.000      0 OK
 G011.903-00.140    0  11.903351  -0.139176    37.03     0.86    30   3.827  12.807   0.287   0.319  -1.000  -1.000      0 OK
 G011.918-00.613    0  11.918628  -0.612136    35.57     0.20    30   3.736  12.897   0.292   0.325  -1.000  -1.000      0 2nd-pk-+40.3-hcop
 G011.937-00.615    0  11.937028  -0.614597    38.94     0.99    30   3.933  12.699   0.277   0.308  -1.000  -1.000      0 OK
 G011.942-00.156    0  11.943133  -0.154883    43.15     0.16    30   4.163  12.469   0.251   0.276  -1.000  -1.000      0 OK
 G012.200-00.033    0  12.200376  -0.032482    51.27     0.36    30   4.520  12.096   0.218   0.238  -1.000  -1.000      0 OK
 G012.203-00.119    0  12.203311  -0.118652    27.68     0.51    30   3.164  13.451   0.347   0.392  -1.000  -1.000      0 OK
 G012.210-00.101    0  12.209927  -0.099871    24.01     0.22    30   2.882  13.733   0.377   0.428  -1.000  -1.000      0 OK
 G012.216-00.118    0  12.216800  -0.117376    27.52     1.14    30   3.151  13.464   0.355   0.402  -1.000  -1.000      0 wide
 G012.418+00.506    0  12.418838   0.506610    17.53     0.90    30   2.292  14.310   0.448   0.516  -1.000  -1.000      0 OK
 G012.497-00.222    0  12.497455  -0.221590    35.66     0.17    30   3.655  12.943   0.290   0.322  -1.000  -1.000      0 OK
 G012.625-00.017    0  12.626049  -0.016215    21.14     1.10    14   2.590  13.999   0.410   0.467  -1.000  -1.000      0 OK
 G012.680-00.180    0  12.680750  -0.179459    56.50     1.65    30   4.677  11.908   0.211   0.230  -1.000  -1.000      0 OK
 G012.721-00.217    0  12.721271  -0.216558    34.24     0.35    30   3.535  13.048   0.299   0.332  -1.000  -1.000      0 OK
 G012.774+00.337    0  12.774048   0.337832    18.24     0.61    30   2.316  14.263   0.432   0.494  -1.000  -1.000      0 OK
 G012.777-00.210    0  12.777398  -0.209824    35.68     0.07    30   3.616  12.963   0.290   0.321  -1.000  -1.000      0 OK
 G012.790-00.197    0  12.790383  -0.196287    35.48     0.56    30   3.602  12.977   0.292   0.325  -1.000  -1.000      0 OK
 G012.808-00.198    0  12.808320  -0.197455    34.98     0.75    30   3.568  13.009   0.297   0.330  -1.000  -1.000      0 OK
 G012.819+00.325    0  12.819887   0.325074    20.67     0.50     2   2.526  14.050   0.405   0.461  -1.000  -1.000      0 weak-hcn
 G012.831-00.209    0  12.831407  -0.207771    35.53     0.68    30   3.599  12.977   0.293   0.325  -1.000  -1.000      0 OK
 G012.853-00.226    0  12.854013  -0.224738    36.24     0.53    30   3.639  12.935   0.288   0.319  -1.000  -1.000      0 OK
 G012.879-00.287    0  12.879222  -0.286370    33.23     0.40    14   3.448  13.124   0.305   0.339  -1.000  -1.000      0 OK
 G012.889+00.491    0  12.889184   0.491507    33.72     1.33    30   3.478  13.094   0.311   0.347  -1.000  -1.000      0 OK
 G012.894-00.281    0  12.894357  -0.280543    35.67     1.45    14   3.598  12.973   0.301   0.335  -1.000  -1.000      0 wide/multiple-pks
 G012.905-00.030    0  12.905636  -0.029076    57.14     1.01    30   4.672  11.898   0.204   0.220  -1.000  -1.000      0 OK
 G012.908-00.258    0  12.908718  -0.257537    37.16     1.25    14   3.686  12.885   0.289   0.321  -1.000  -1.000      0 OK
 G012.999-00.357    0  12.999308  -0.356357    15.02     1.00    14   1.985  14.579   0.472   0.543  -1.000  -1.000      0 strong-n2hp;2nd-pk+32.6
 G013.131-00.150    0  13.131807  -0.148908    44.98     0.25    30   4.083  12.473   0.244   0.267  -1.000  -1.000      0 OK
 G013.177+00.061    0  13.176221   0.062623    49.01     0.61    30   4.275  12.278   0.229   0.250  -1.000  -1.000      0 OK
 G013.209-00.141    0  13.209432  -0.140443    52.76     1.25    30   4.443  12.108   0.221   0.240  -1.000  -1.000      0 OK
 G013.216+00.033    0  13.216333   0.033592    52.06     0.18    30   4.410  12.140   0.217   0.235  -1.000  -1.000      0 OK
 G013.243-00.084    0  13.243894  -0.083170    36.78     0.43    30   3.617  12.931   0.284   0.313  -1.000  -1.000      0 OK
 G013.275-00.333    0  13.275314  -0.331976    40.72     0.61    30   3.838  12.708   0.265   0.291  -1.000  -1.000      0 OK
 G013.657-00.599    0  13.657690  -0.597783    48.22     0.03    30   4.172  12.347   0.231   0.251  -1.000  -1.000      0 OK
 G013.873+00.281    0  13.872957   0.281831    49.21     0.28    22   4.192  12.312   0.228   0.248  -1.000  -1.000      0 OK
 G013.882-00.142    0  13.882886  -0.141254    17.17     0.97    30   2.101  14.403   0.435   0.494  -1.000  -1.000      0 OK
 G013.904-00.512    0  13.904545  -0.511476    22.94     0.21    30   2.587  13.915   0.374   0.419  -1.000  -1.000      0 OK
 G013.951-00.407    0  13.951369  -0.405141    19.74     0.09    30   2.319  14.179   0.401   0.453  -1.000  -1.000      0 OK
 G014.011-00.176    0  14.011487  -0.175240    41.41     0.27    30   3.779  12.715   0.260   0.284  -1.000  -1.000      0 OK
 G014.018-00.132    0  14.018495  -0.131311    41.52     0.72    30   3.784  12.710   0.261   0.286  -1.000  -1.000      0 OK
 G014.077-00.558    0  14.077524  -0.557782    22.63     0.24    30   2.543  13.946   0.375   0.421  -1.000  -1.000      0 OK
 G014.101+00.086    0  14.102073   0.087068     8.95     0.48    30   1.254  15.234   0.526   0.606  -1.000  -1.000      0 OK
 G014.102-00.559    0  14.103094  -0.558484    22.27     0.31    30   2.512  13.976   0.378   0.424  -1.000  -1.000      0 OK
 G014.114-00.574    0  14.115055  -0.573015    20.56     0.53    14   2.371  14.115   0.394   0.444  -1.000  -1.000      0 OK
 G014.131-00.521    0  14.131128  -0.520856    21.44     0.10    30   2.442  14.044   0.384   0.432  -1.000  -1.000      0 bad-n2hp-fit
 G014.182-00.529    0  14.182097  -0.527724    21.37     0.23    30   2.431  14.051   0.385   0.432  -1.000  -1.000      0 OK
 G014.194-00.194    0  14.194566  -0.192829    40.05     0.40    30   3.681  12.800   0.266   0.291  -1.000  -1.000      0 OK
 G014.226-00.511    0  14.228154  -0.509881    19.14     0.44    30   2.240  14.238   0.405   0.457  -1.000  -1.000      0 OK
 G014.233-00.175    0  14.232941  -0.174855    37.32     1.23    30   3.521  12.957   0.287   0.315  -1.000  -1.000      0 OK
 G014.245-00.071    0  14.245977  -0.070677    61.55     1.01    14   4.679  11.798   0.195   0.209  -1.000  -1.000      0 OK
 G014.328-00.532    0  14.327858  -0.528756    19.92     0.38    22   2.296  14.175   0.397   0.447  -1.000  -1.000      0 OK
 G014.331-00.644    0  14.331694  -0.643507    23.12     1.22    30   2.554  13.917   0.379   0.425  -1.000  -1.000      0 OK
 G014.449-00.100    0  14.449627  -0.100735    40.39     0.16    30   3.669  12.793   0.264   0.288  -1.000  -1.000      0 OK
 G014.462-00.109    0  14.462006  -0.107940    40.08     0.23    30   3.650  12.811   0.265   0.290  -1.000  -1.000      0 OK
 G014.492-00.139    0  14.492024  -0.138561    40.81     0.22    30   3.687  12.772   0.262   0.286  -1.000  -1.000      0 OK
 G014.601-00.542    0  14.601507  -0.541552    17.97     0.10    30   2.103  14.348   0.411   0.463  -1.000  -1.000      0 bad-n2hp-fit
 G014.606+00.014    0  14.604650   0.014152    27.05     1.41    30   2.817  13.634   0.350   0.391  -1.000  -1.000      0 OK
 G014.631-00.575    0  14.631333  -0.575484    18.48     0.17    30   2.145  14.304   0.406   0.457  -1.000  -1.000      0 strong-abs
 G014.632+00.308    0  14.632889   0.308265    26.22     0.37    30   2.754  13.694   0.344   0.383  -1.000  -1.000      0 OK
 G014.685-00.223    0  14.685544  -0.222444    57.69     0.10    14   4.470  11.975   0.203   0.217  -1.000  -1.000      0 2nd-pk=38.
 G014.777-00.486    0  14.777610  -0.485677    21.96     0.13    30   2.417  14.020   0.375   0.419  -1.000  -1.000      0 OK
 G014.850-00.991    0  14.850744  -0.990113    22.44     0.22    30   2.448  13.984   0.370   0.414  -1.000  -1.000      0 OK
 G014.988-00.012    0  14.988591  -0.011649    24.96     0.18    14   2.625  13.797   0.350   0.389  -1.000  -1.000      0 OK
 G284.232-00.362    0 284.232574  -0.361829    -2.31     0.10    22   0.965   3.214   0.944   1.125  -1.000  -1.000      0 OK
 G287.575-00.911    0 287.575531  -0.910099    -7.00     0.24    30   1.694   3.439   1.038   0.872  -1.000  -1.000      0 OK
 G299.608+00.174    0 299.607788   0.174159    -6.73     0.79    26   0.794   7.605   0.441   0.471  -1.000  -1.000      0 OK
 G300.340-00.212    0 300.341095  -0.211689   -37.81     0.64    30   4.294   4.294   0.000   0.000  -1.000  -1.000      3 OK
 G300.721+01.199    0 300.722076   1.199481   -43.53     0.27    30   4.342   4.342   0.000   0.000  -1.000  -1.000      3 OK
 G300.826+01.152    0 300.826935   1.152568   -43.22     0.20    30   4.356   4.356   0.000   0.000  -1.000  -1.000      3 OK
 G300.953+01.152    0 300.953125   1.151943   -42.33     0.12    30   4.372   4.372   0.000   0.000  -1.000  -1.000      3 OK
 G300.969+01.145    0 300.969879   1.145835   -42.71     0.19    30   4.374   4.374   0.000   0.000  -1.000  -1.000      3 OK
 G301.015+01.113    0 301.015533   1.113741   -42.07     0.39    30   4.380   4.380   0.000   0.000  -1.000  -1.000      3 OK
 G301.081+00.935    0 301.081207   0.934991   -39.33     0.44    30   4.388   4.388   0.000   0.000  -1.000  -1.000      3 OK
 G301.136-00.226    0 301.137085  -0.225455   -39.38     0.01    30   4.395   4.395   0.000   0.000  -1.000  -1.000      3 OK
 G301.175+01.004    0 301.175812   1.004035   -41.19     0.34    30   4.400   4.400   0.000   0.000  -1.000  -1.000      3 OK
 G301.698+01.105    0 301.698608   1.105580   -39.50     0.23    30   4.466   4.466   0.000   0.000  -1.000  -1.000      3 OK
 G301.730+01.102    0 301.730713   1.101926   -39.32     0.14    30   4.470   4.470   0.000   0.000  -1.000  -1.000      3 OK
 G301.750+00.268    0 301.750885   0.268700   -37.11     0.24    14   4.473   4.473   0.721   0.000  -1.000  -1.000      2 OK
 G302.157+00.059    0 302.157593   0.059626   -35.50     0.50    30   4.524   4.524   1.284   0.000  -1.000  -1.000      2 bad-n2hp-fit
 G303.267+01.246    0 303.267639   1.246998   -30.54     0.25    30   3.013   6.312   0.606   0.940  -1.000  -1.000      0 OK
 G304.203+01.335    0 304.203339   1.335987   -43.73     0.30    30   4.778   4.778   0.287   0.000  -1.000  -1.000      2 OK
 G304.247-00.405    0 304.247375  -0.403811   -22.69     0.31    30   2.043   7.524   0.447   0.497  -1.000  -1.000      0 OK
 G304.585+00.580    0 304.585663   0.580588   -22.64     0.03    22   2.017   7.633   0.438   0.483  -1.000  -1.000      0 OK
 G304.673+00.256    0 304.673523   0.256699   -43.90     0.80    30   4.836   4.836   0.705   0.000  -1.000  -1.000      2 poor-hcop-fit
 G304.713+00.599    0 304.713501   0.599595   -26.72     0.15    22   2.395   7.286   0.469   0.541  -1.000  -1.000      0 OK
 G304.715+01.316    0 304.715393   1.316829   -26.89     0.79    30   2.412   7.270   0.476   0.551  -1.000  -1.000      0 OK
 G304.789-00.871    0 304.789551  -0.870390   -27.12     0.23    30   2.428   7.272   0.471   0.545  -1.000  -1.000      0 OK
 G304.794+00.580    0 304.794464   0.580165   -25.14     1.00    26   2.235   7.466   0.461   0.520  -1.000  -1.000      0 ratty
 G304.870+00.605    0 304.870331   0.605270   -35.37     0.48    30   3.388   6.331   0.631   1.246  -1.000  -1.000      0 OK
 G304.900+00.575    0 304.900696   0.575262   -34.50     0.23    26   3.259   6.468   0.597   0.938  -1.000  -1.000      0 OK
 G305.095+00.250    0 305.095337   0.250736   -39.00     0.74    30   3.967   5.806   0.817   0.920  -1.000  -1.000      0 OK
 G305.137+00.068    0 305.137451   0.069026   -36.67     0.25    30   3.525   6.259   0.653   1.367  -1.000  -1.000      0 OK
 G305.173+00.220    0 305.173615   0.220256   -40.94     0.37    30   4.541   5.252   1.136   0.355  -1.000  -1.000      0 OK
 G305.194-00.006    0 305.194519  -0.005494   -33.76     1.28    30   3.111   6.687   0.572   0.800  -1.000  -1.000      0 OK
 G305.196+00.033    0 305.196350   0.034011   -36.34     0.22    30   3.461   6.338   0.633   1.439  -1.000  -1.000      0 OK
 G305.198+00.006    0 305.198517   0.006794   -32.69     0.17    30   2.981   6.818   0.533   0.695  -1.000  -1.000      0 OK
 G305.200+00.019    0 305.200592   0.019243   -34.86     1.52    30   3.252   6.548   0.607   0.940  -1.000  -1.000      0 OK
 G305.201+00.227    0 305.201416   0.227557   -38.72     0.85    30   3.867   5.933   0.771   1.033  -1.000  -1.000      0 OK
 G305.208+00.207    0 305.208527   0.207771   -41.12     0.60    30   4.605   5.197   1.184   0.296  -1.000  -1.000      0 OK
 G305.226+00.282    0 305.226532   0.282667   -39.57     0.16    30   4.043   5.763   0.835   0.860  -1.000  -1.000      0 OK
 G305.230-00.024    0 305.230652  -0.022888   -29.05     0.39    30   2.581   7.226   0.479   0.562  -1.000  -1.000      0 OK
 G305.259+00.328    0 305.259430   0.328378   -38.97     0.19    30   3.897   5.917   0.770   1.010  -1.000  -1.000      0 OK
 G305.270-00.009    0 305.270630  -0.008041   -32.33     0.41    30   2.930   6.887   0.524   0.669  -1.000  -1.000      0 OK
 G305.271+00.296    0 305.271637   0.296866   -38.20     0.28    30   3.745   6.072   0.714   1.164  -1.000  -1.000      0 OK
 G305.356+00.201    0 305.356384   0.201440   -39.13     0.30    30   3.894   5.943   0.764   1.024  -1.000  -1.000      0 OK
 G305.367+00.213    0 305.367462   0.213052   -34.39     0.14    30   3.162   6.678   0.560   0.782  -1.000  -1.000      0 OK
 G305.476-00.096    0 305.476562  -0.095325   -38.52     0.86    24   3.740   6.126   0.710   1.193  -1.000  -1.000      0 OK
 G305.538+00.340    0 305.538452   0.340258   -34.55     0.15    14   3.154   6.727   0.553   0.760  -1.000  -1.000      0 OK
 G305.553-00.011    0 305.553497  -0.010881   -36.80     0.56    30   3.450   6.435   0.618   1.118  -1.000  -1.000      0 OK
 G305.562+00.014    0 305.562439   0.014363   -39.29     0.11    30   3.854   6.033   0.736   1.089  -1.000  -1.000      0 OK
 G305.575-00.342    0 305.575470  -0.341332   -46.11     0.48    22   4.945   4.945   0.680   0.000  -1.000  -1.000      2 OK
 G305.589+00.460    0 305.589569   0.460929   -36.00     2.00     1   3.332   6.562   0.626   1.019  -1.000  -1.000      0 ratty;guesstimated
 G305.605-00.690    0 305.605713  -0.688952   -21.10     0.80     1   1.825   8.072   0.416   0.445  -1.000  -1.000      0 bad-hcop-fit
 G305.616-00.344    0 305.616638  -0.343739   -32.53     0.29    30   2.907   6.993   0.510   0.637  -1.000  -1.000      0 OK
 G305.797-00.097    0 305.797699  -0.096155   -40.80     0.13    30   4.078   5.865   0.811   0.893  -1.000  -1.000      0 OK
 G305.799-00.245    0 305.799622  -0.244317   -32.58     0.54    30   2.890   7.054   0.505   0.623  -1.000  -1.000      0 OK
 G305.822-00.114    0 305.822754  -0.113754   -41.99     0.94    14   4.391   5.559   0.982   0.584  -1.000  -1.000      0 OK
 G305.888+00.016    0 305.888611   0.016603   -33.90     0.16    30   3.025   6.940   0.520   0.665  -1.000  -1.000      0 OK
 G305.925+00.033    0 305.925659   0.033270   -33.25     0.25    22   2.948   7.027   0.508   0.633  -1.000  -1.000      0 OK
 G306.342-00.303    0 306.342621  -0.302910   -20.70     1.00     6   1.759   8.315   0.406   0.430  -1.000  -1.000      0 bad-hcn-fit
 G307.377-00.944    0 307.378174  -0.943169    30.59     0.26    22  12.516  12.516   0.428   0.413  -1.000  -1.000      1 OK
 G307.385-00.620    0 307.385498  -0.619421  -125.04    -1.00     1   5.161   5.161   0.000   0.000  -1.000  -1.000      3 not-much-there
 G307.630-00.316    0 307.631134  -0.315815   -36.33     0.05    22   3.066   7.314   0.478   0.576  -1.000  -1.000      0 OK
 G308.678+00.539    0 308.678802   0.539553   -44.94     0.54    22   3.905   6.720   0.599   1.155  -1.000  -1.000      0 OK
 G308.688+00.529    0 308.688995   0.529232   -46.43     0.01    30   4.126   6.501   0.658   1.188  -1.000  -1.000      0 OK
 G308.735+00.777    0 308.735565   0.777802   -46.74     0.10     6   4.163   6.475   0.667   1.156  -1.000  -1.000      0 OK
 G308.792+00.172    0 308.792633   0.172329   -51.10     0.49     6   5.325   5.325   1.284   0.000  -1.000  -1.000      2 OK
 G309.116+00.139    0 309.114746   0.139602   -42.57     0.02    30   3.530   7.195   0.504   0.654  -1.000  -1.000      0 OK
 G309.121-00.205    0 309.121765  -0.204361   -11.87     0.11    30   1.017   9.710   0.359   0.362  -1.000  -1.000      0 OK
 G309.144-00.390    0 309.144470  -0.389150   -41.76     0.61    22   3.437   7.295   0.492   0.619  -1.000  -1.000      0 OK
 G309.172-00.326    0 309.172211  -0.325836   -42.10     0.74    22   3.469   7.269   0.498   0.633  -1.000  -1.000      0 OK
 G309.179-00.030    0 309.180023  -0.029626   -15.43     0.42    30   1.273   9.467   0.361   0.367  -1.000  -1.000      0 OK
 G309.382-00.134    0 309.382385  -0.133334   -50.29     0.49    14   4.600   6.186   0.802   0.793  -1.000  -1.000      0 OK
 G309.903+00.230    0 309.903046   0.230639   -59.31     1.72     6   5.453   5.453   0.000   0.000  -1.000  -1.000      2 wide
 G309.988+00.511    0 309.989075   0.511447   -41.55     0.53    30   3.308   7.617   0.453   0.535  -1.000  -1.000      0 OK
 G310.176-00.116    0 310.176239  -0.115804     8.64     2.19    30  11.435  11.435   0.409   0.399  -1.000  -1.000      1 OK
 G311.451+00.379    0 311.451447   0.379134   -32.05     0.79    30   2.412   8.842   0.368   0.386  -1.000  -1.000      0 OK
 G311.566+00.318    0 311.566864   0.318878   -47.88     0.38    14   3.728   7.552   0.466   0.576  -1.000  -1.000      0 OK
 G311.627+00.290    0 314.194458   0.269654   -67.07    -1.00     1   5.925   5.925   1.067   0.000  -1.000  -1.000      2 nothing-there
 G311.756+00.083    0 311.755951   0.083926   -44.02     0.25    30   3.344   7.977   0.416   0.473  -1.000  -1.000      0 OK
 G311.836+00.073    0 311.836792   0.073634   -47.72     1.79    10   3.675   7.664   0.477   0.583  -1.000  -1.000      0 OK
 G311.907+00.187    0 311.907135   0.187438   -46.71    -1.00     1   3.570   7.784   0.444   0.524  -1.000  -1.000      0 OK
 G311.924+00.222    0 311.924713   0.222693   -49.73    -0.50     2   3.864   7.495   0.477   0.606  -1.000  -1.000      0 OK
 G311.929+00.207    0 311.929871   0.207864   -47.77     1.36    22   3.668   7.692   0.462   0.559  -1.000  -1.000      0 OK
 G311.980-00.952    0 311.980255  -0.950996   -41.21     0.20    30   3.088   8.283   0.391   0.429  -1.000  -1.000      0 OK
 G312.096+00.278    0 312.096161   0.278130   -50.89     0.33    30   3.959   7.438   0.485   0.634  -1.000  -1.000      0 OK
 G312.111+00.263    0 312.111206   0.263160   -50.42     0.50    14   3.907   7.493   0.478   0.612  -1.000  -1.000      0 poor-hcop-fit
 G312.113+00.275    0 312.113678   0.275647   -50.59     0.04    12   3.924   7.476   0.478   0.615  -1.000  -1.000      0 OK
 G312.330-00.088    0 312.330750  -0.087346   -50.83     0.23    30   3.915   7.533   0.471   0.597  -1.000  -1.000      0 OK
 G312.380-00.416    0 312.380646  -0.415521   -25.31     0.07    22   1.898   9.561   0.344   0.350  -1.000  -1.000      0 OK
 G313.576-01.156    0 313.576233  -1.155455   -49.59     0.07    22   3.641   8.078   0.407   0.464  -1.000  -1.000      0 OK
 G313.991-00.086    0 313.992065  -0.084955    -7.12     0.90    22   0.642  11.166   0.350   0.344  -1.000  -1.000      0 OK
 G314.242+00.418    0 314.242340   0.418231   -64.95     0.39    22   5.450   6.411   0.881   0.480  -1.000  -1.000      0 OK
 G314.257+00.413    0 314.257385   0.413283   -62.52     0.30    30   4.923   6.941   0.631   1.009  -1.000  -1.000      0 OK
 G314.906-01.158    0 314.906891  -1.157519   -40.61     0.12    22   2.864   9.138   0.341   0.355  -1.000  -1.000      0 OK
 G314.993+00.095    0 314.993866   0.095975   -55.94     0.10    28   4.031   7.988   0.417   0.493  -1.000  -1.000      0 OK
 G315.327-00.231    0 315.327881  -0.230297    12.14     0.98     6  12.832  12.832   0.397   0.381  -1.000  -1.000      1 OK
 G315.797-00.379    0 315.797943  -0.377815   -61.87     0.04    12   4.473   7.714   0.457   0.600  -1.000  -1.000      0 OK
 G316.514-00.576    0 316.514648  -0.575218   -44.74     0.11    22   3.070   9.264   0.330   0.342  -1.000  -1.000      0 OK
 G316.539-00.020    0 316.539398  -0.019567   -42.25     0.21    30   2.904   9.436   0.325   0.335  -1.000  -1.000      0 OK
 G316.939+00.303    0 316.939636   0.302890   -41.56     0.27    22   2.844   9.577   0.321   0.328  -1.000  -1.000      0 OK
 G317.060+00.260    0 317.060608   0.260475   -40.01     0.17    30   2.740   9.705   0.318   0.324  -1.000  -1.000      0 OK
 G317.287+00.192    0 317.287842   0.192514   -40.58     0.29    22   2.769   9.722   0.317   0.323  -1.000  -1.000      0 OK
 G317.341+00.105    0 317.341919   0.105266   -43.41     0.44    14   2.949   9.553   0.320   0.328  -1.000  -1.000      0 OK
 G317.430-00.374    0 317.430786  -0.373978   -39.30     0.75    14   2.684   9.836   0.318   0.322  -1.000  -1.000      0 OK
 G317.467-00.067    0 317.467682  -0.066825   -35.20     0.26    30   2.425  10.102   0.313   0.315  -1.000  -1.000      0 OK
 G317.878+00.125    0 317.878021   0.125149     0.76     0.71    30   0.085  12.524  12.803   0.352  -1.000  -1.000      0 OK
 G317.932-00.199    0 317.932373  -0.198961   -36.08     1.22    30   2.470  10.150   0.319   0.320  -1.000  -1.000      0 OK
 G318.723-00.756    0 318.723633  -0.755546   -34.97     0.51    22   2.388  10.388   0.307   0.307  -1.000  -1.000      0 OK
 G318.725-00.224    0 318.725250  -0.221776   -49.67    -1.00     1   3.294   9.482   0.319   0.329  -1.000  -1.000      0 nothing-there
 G319.089+00.459    0 319.089752   0.459956   -35.60     0.45    22   2.420  10.427   0.304   0.304  -1.000  -1.000      0 OK
 G320.153+00.789    0 320.152863   0.789711   -36.98     0.16    30   2.488  10.564   0.298   0.296  -1.000  -1.000      0 OK
 G320.244-00.561    0 320.244934  -0.560873   -51.53     1.00     8   3.351   9.718   0.305   0.312  -1.000  -1.000      0 hcop-fit-off
 G320.249+00.445    0 320.249939   0.445718   -32.18     0.14    18   2.202  10.869   0.300   0.297  -1.000  -1.000      0 OK
 G320.365-00.282    0 320.365753  -0.281392   -66.82     0.25    14   4.323   8.769   0.336   0.369  -1.000  -1.000      0 OK
 G320.789+00.716    0 320.790131   0.716448   -59.10     0.66     6   3.791   9.381   0.307   0.320  -1.000  -1.000      0 OK
 G320.794+00.264    0 320.794647   0.264716    -7.53     0.12    22   0.655  12.518   0.343   0.331  -1.000  -1.000      0 OK
 G321.126-00.266    0 321.126892  -0.265993    15.87     0.49    22  14.330  14.330   0.434   0.410  -1.000  -1.000      1 OK
 G321.703+01.170    0 321.703369   1.170687   -39.88     0.18    30   2.640  10.702   0.289   0.287  -1.000  -1.000      0 OK
 G321.708+00.059    0 321.708527   0.059519   -32.72     0.04    30   2.225  11.118   0.295   0.290  -1.000  -1.000      0 OK
 G321.720+01.175    0 321.720215   1.175599   -41.36     0.33    30   2.725  10.620   0.289   0.287  -1.000  -1.000      0 OK
 G321.739-00.664    0 321.739502  -0.663127   -71.16     0.25    30   4.505   8.844   0.326   0.357  -1.000  -1.000      0 OK
 G322.158+00.636    0 322.159149   0.636823   -56.84     0.08    30   3.602   9.823   0.286   0.292  -1.000  -1.000      0 OK
 G322.159+00.635    0 322.159271   0.635126   -56.83     0.38    30   3.601   9.824   0.287   0.293  -1.000  -1.000      0 OK
 G322.163+00.622    0 322.163269   0.622319   -54.50     0.80    30   3.467   9.959   0.288   0.293  -1.000  -1.000      0 OK
 G322.899+00.007    0 322.899597   0.007328   -27.83     0.79    14   1.937  11.622   0.303   0.296  -1.000  -1.000      0 OK
 G323.458-00.081    0 323.458496  -0.079917   -68.14     0.33    30   4.205   9.453   0.287   0.300  -1.000  -1.000      0 OK
 G323.740-00.264    0 323.740570  -0.263180   -49.32     0.68    30   3.149  10.559   0.277   0.276  -1.000  -1.000      0 OK
 G324.200+00.120    0 324.200409   0.120127   -88.15     0.27    30   5.462   8.326   0.373   0.473  -1.000  -1.000      0 OK
 G324.717+00.341    0 324.717621   0.341140   -52.48     0.36    30   3.311  10.567   0.269   0.268  -1.000  -1.000      0 OK
 G324.923-00.570    0 324.923706  -0.569198   -74.19     0.81    30   4.482   9.430   0.282   0.296  -1.000  -1.000      0 OK
 G325.194-00.085    0 325.194550  -0.084403   -78.43     0.42    22   4.712   9.247   0.286   0.304  -1.000  -1.000      0 OK
 G326.283-00.593    0 326.283722  -0.592217   -61.73     0.23    30   3.779  10.362   0.257   0.257  -1.000  -1.000      0 OK
 G326.340+00.505    0 326.340576   0.505880   -94.64     0.95    14   5.647   8.503   0.348   0.430  -1.000  -1.000      0 OK
 G326.407+00.927    0 326.407501   0.927984   -41.87     0.54    30   2.745  11.416   0.274   0.267  -1.000  -1.000      0 OK
 G326.446+00.909    0 326.446472   0.908965   -41.44     0.99    22   2.722  11.445   0.278   0.271  -1.000  -1.000      0 OK
 G326.449-00.749    0 326.449554  -0.748898   -66.13     0.12    14   4.002  10.166   0.256   0.258  -1.000  -1.000      0 OK
 G326.472+00.888    0 326.472229   0.888753   -40.25     0.64    30   2.658  11.514   0.276   0.269  -1.000  -1.000      0 OK
 G326.473-00.378    0 326.473480  -0.376776   -54.62     0.06    30   3.413  10.759   0.258   0.256  -1.000  -1.000      0 OK
 G326.474+00.703    0 326.474701   0.703736   -40.96     0.03    30   2.696  11.476   0.273   0.266  -1.000  -1.000      0 OK
 G326.544+00.169    0 326.544464   0.170071   -74.78     0.15    30   4.447   9.736   0.260   0.267  -1.000  -1.000      0 OK
 G326.608+00.799    0 326.608429   0.799634   -37.28     0.17    30   2.497  11.696   0.279   0.271  -1.000  -1.000      0 OK
 G326.611+00.811    0 326.611389   0.812159   -38.05     0.39    30   2.540  11.655   0.278   0.271  -1.000  -1.000      0 OK
 G326.641+00.613    0 326.641479   0.613078   -39.20     0.27    30   2.603  11.597   0.276   0.269  -1.000  -1.000      0 OK
 G326.647+00.748    0 326.647308   0.748384   -37.36     0.70    30   2.502  11.698   0.281   0.273  -1.000  -1.000      0 hnc-fit-off
 G326.653+00.618    0 326.653412   0.618488   -39.08     0.14    30   2.596  11.605   0.276   0.268  -1.000  -1.000      0 OK
 G326.657+00.594    0 326.657593   0.594731   -39.23     0.71    30   2.604  11.598   0.278   0.271  -1.000  -1.000      0 OK
 G326.661+00.519    0 326.661682   0.519661   -39.34     0.15    30   2.610  11.592   0.275   0.268  -1.000  -1.000      0 OK
 G326.671+00.554    0 326.671417   0.554376   -40.32     0.20    30   2.663  11.541   0.274   0.267  -1.000  -1.000      0 OK
 G326.724+00.615    0 326.726776   0.615840   -41.60     0.25    30   2.733  11.480   0.272   0.265  -1.000  -1.000      0 OK
 G326.754+00.603    0 326.754700   0.603515   -41.31     0.17    30   2.717  11.500   0.272   0.265  -1.000  -1.000      0 OK
 G326.781-00.242    0 326.781647  -0.241331   -65.08     0.19    30   3.943  10.279   0.253   0.254  -1.000  -1.000      0 OK
 G326.795+00.382    0 326.795258   0.382710   -21.01     0.59    30   1.556  12.668   0.317   0.304  -1.000  -1.000      0 OK
 G326.859-00.677    0 326.859680  -0.676242   -66.17     0.38    30   3.997  10.237   0.253   0.255  -1.000  -1.000      0 OK
 G326.870+00.071    0 326.870697   0.071892   -49.50     2.78    18   3.150  11.087   0.299   0.294  -1.000  -1.000      0 OK
 G326.919-00.305    0 326.919647  -0.304416   -45.90     0.19    30   2.962  11.282   0.265   0.260  -1.000  -1.000      0 OK
 G326.975-00.033    0 326.975708  -0.031855   -59.42     0.40    30   3.656  10.598   0.254   0.253  -1.000  -1.000      0 OK
 G326.987-00.031    0 326.987488  -0.030746   -59.02     0.78    30   3.635  10.620   0.257   0.255  -1.000  -1.000      0 OK
 G326.998-00.016    0 326.998535  -0.015682   -57.83     0.63    14   3.575  10.682   0.256   0.254  -1.000  -1.000      0 OK
 G327.110+00.539    0 327.110138   0.539512   -82.40     2.00    14   4.830   9.445   0.285   0.300  -1.000  -1.000      0 poor-n2hp-fit
 G327.120+00.510    0 327.120300   0.510247   -82.63     0.70    14   4.842   9.435   0.267   0.281  -1.000  -1.000      0 hcop-fit-off
 G327.167-00.356    0 327.167572  -0.355068   -60.61     0.04    28   3.715  10.570   0.252   0.251  -1.000  -1.000      0 OK
 G327.272-00.574    0 327.272644  -0.573176   -45.57     0.63    30   2.948  11.354   0.267   0.261  -1.000  -1.000      0 OK
 G327.293-00.579    0 327.293640  -0.578021   -44.75     0.25    30   2.905  11.400   0.266   0.260  -1.000  -1.000      0 OK
 G327.294-00.195    0 327.294495  -0.194071   -62.57     0.43    30   3.812  10.493   0.251   0.251  -1.000  -1.000      0 OK
 G327.302-00.549    0 327.302673  -0.548636   -48.10     1.54    30   3.080  11.227   0.274   0.268  -1.000  -1.000      0 OK
 G327.393+00.199    0 327.393433   0.199015   -89.29     0.26    30   5.196   9.125   0.279   0.302  -1.000  -1.000      0 OK
 G327.403+00.444    0 327.403442   0.444509   -79.44     1.17    30   4.661   9.661   0.263   0.272  -1.000  -1.000      0 OK
 G327.475-00.084    0 327.475616  -0.083456   -76.47     1.52     6   4.506   9.828   0.263   0.270  -1.000  -1.000      0 ratty
 G327.567-00.852    0 327.567566  -0.851082   -36.40     0.10    30   2.460  11.888   0.279   0.270  -1.000  -1.000      0 OK
 G327.640-00.918    0 327.640320  -0.915464   -34.94     0.16    30   2.381  11.979   0.282   0.273  -1.000  -1.000      0 OK
 G327.710-00.394    0 327.710602  -0.393670   -76.14     0.59    30   4.483   9.888   0.251   0.256  -1.000  -1.000      0 OK
 G327.732-00.387    0 327.732666  -0.386416   -75.66     0.44    30   4.458   9.916   0.250   0.255  -1.000  -1.000      0 OK
 G327.766-00.347    0 327.766632  -0.346394   -77.00     0.78    30   4.525   9.855   0.253   0.258  -1.000  -1.000      0 OK
 G327.894+00.149    0 327.894714   0.149672   -91.56     0.30    30   5.290   9.110   0.277   0.301  -1.000  -1.000      0 OK
 G328.052-00.538    0 328.052643  -0.537726   -47.80     0.09    30   3.071  11.354   0.260   0.254  -1.000  -1.000      0 OK
 G328.140-00.432    0 328.140625  -0.431525   -43.97     0.16    30   2.873  11.566   0.265   0.258  -1.000  -1.000      0 OK
 G328.165+00.587    0 328.165558   0.587185   -92.50     0.88    30   5.324   9.119   0.278   0.303  -1.000  -1.000      0 OK
 G328.235-00.547    0 328.235504  -0.547036   -39.40     0.90    30   2.633  11.821   0.277   0.269  -1.000  -1.000      0 OK
 G328.255-00.532    0 328.255615  -0.531107   -44.66     2.01    30   2.911  11.546   0.285   0.277  -1.000  -1.000      0 OK
 G328.256-00.413    0 328.256683  -0.412368   -37.94     0.10    30   2.554  11.903   0.276   0.267  -1.000  -1.000      0 OK
 G328.307+00.430    0 328.307404   0.430544   -93.19     0.37    30   5.353   9.112   0.274   0.299  -1.000  -1.000      0 OK
 G328.314-00.566    0 328.314636  -0.565226   -41.56     1.00    14   2.749  11.717   0.274   0.266  -1.000  -1.000      0 OK
 G328.386-00.311    0 328.386566  -0.310376   -50.55     0.36    14   3.214  11.263   0.256   0.251  -1.000  -1.000      0 OK
 G328.420+00.584    0 328.420380   0.585038  -100.88     0.56    22   5.813   8.670   0.315   0.377  -1.000  -1.000      0 OK
 G328.567-00.535    0 328.567749  -0.534470   -47.80     0.85    30   3.077  11.429   0.262   0.256  -1.000  -1.000      0 OK
 G328.808+00.632    0 328.808441   0.632939   -42.80     0.76    30   2.822  11.721   0.269   0.261  -1.000  -1.000      0 OK
 G328.899+00.350    0 328.899567   0.350383   -81.94     1.45    30   4.739   9.817   0.252   0.259  -1.000  -1.000      0 OK
 G328.960+00.566    0 328.960541   0.566814   -93.69     0.10    30   5.337   9.229   0.262   0.282  -1.000  -1.000      0 OK
 G328.983+00.570    0 328.983612   0.570642   -90.82     0.27    30   5.183   9.386   0.255   0.269  -1.000  -1.000      0 OK
 G329.030-00.202    0 329.030426  -0.201036   -43.45     0.50    30   2.859  11.717   0.266   0.258  -1.000  -1.000      0 bad-hcop-fit;strong-abs
 G329.065-00.308    0 329.065613  -0.307328   -42.54     0.40    30   2.812  11.770   0.267   0.259  -1.000  -1.000      0 OK
 G329.184-00.315    0 329.184540  -0.314273   -50.58     1.24    30   3.225  11.375   0.261   0.255  -1.000  -1.000      0 OK
 G329.338+00.147    0 329.338562   0.147126  -107.43     0.20    22   6.146   8.477   0.338   0.450  -1.000  -1.000      0 OK
 G329.341+00.128    0 329.341522   0.128025  -107.64     0.04    30   6.161   8.462   0.341   0.457  -1.000  -1.000      0 OK
 G329.406-00.459    0 329.406555  -0.458382   -73.22     0.40    30   4.314  10.319   0.236   0.237  -1.000  -1.000      0 bad-hcop-fit
 G329.422-00.164    0 329.422394  -0.163012   -76.48     0.17    30   4.468  10.168   0.235   0.237  -1.000  -1.000      0 OK
 G329.467+00.516    0 329.467560   0.516298   -67.41     0.26    30   4.041  10.602   0.237   0.235  -1.000  -1.000      0 OK
 G329.468+00.503    0 329.468719   0.503184   -67.79     0.17    30   4.059  10.584   0.237   0.235  -1.000  -1.000      0 OK
 G329.524+00.084    0 329.524414   0.084781   -88.74     0.51    30   5.054   9.598   0.244   0.254  -1.000  -1.000      0 OK
 G329.622+00.138    0 329.622528   0.138205  -129.67    -1.00     1   7.333   7.333   0.000   0.000  -1.000  -1.000      3 very-litle-there
 G329.720+00.804    0 329.720367   0.804589   -50.00     0.30    30   3.204  11.476   0.253   0.247  -1.000  -1.000      0 OK
 G329.735+01.008    0 329.734833   1.010186   -83.95     0.14    30   4.816   9.867   0.236   0.241  -1.000  -1.000      0 OK
 G329.817+00.138    0 329.817139   0.139051   -84.97     0.26    30   4.862   9.833   0.236   0.242  -1.000  -1.000      0 OK
 G329.844+00.751    0 329.844543   0.751273   -91.02     0.21    22   5.154   9.545   0.243   0.253  -1.000  -1.000      0 OK
 G330.191+00.320    0 330.191162   0.320759   -92.96     4.37     6   5.236   9.515   0.319   0.339  -1.000  -1.000      0 several-weak-components
 G330.279+00.636    0 330.279938   0.636012   -89.59     0.28    30   5.069   9.694   0.236   0.243  -1.000  -1.000      0 OK
 G330.283+00.492    0 330.283569   0.492575   -94.15     0.15    30   5.290   9.474   0.242   0.254  -1.000  -1.000      0 OK
 G330.284+00.492    0 330.282654   0.492349   -94.28     0.30    30   5.297   9.467   0.243   0.255  -1.000  -1.000      0 OK
 G330.296+00.644    0 330.296448   0.644570   -90.83     0.29    18   5.128   9.638   0.237   0.246  -1.000  -1.000      0 OK
 G330.400+00.328    0 330.399994   0.329295   -95.46     0.31    12   5.350   9.431   0.243   0.257  -1.000  -1.000      0 OK
 G330.484+00.352    0 330.485107   0.353371   -64.32     0.25    14   3.903  10.891   0.234   0.231  -1.000  -1.000      0 OK
 G330.560-00.113    0 330.560699  -0.112616   -49.51     1.00     6   3.196  11.609   0.257   0.249  -1.000  -1.000      0 weak
 G330.583+00.007    0 330.583618   0.007998  -222.76    -1.00     1   7.404   7.404   0.000   0.000  -1.000  -1.000      3 nothing-there
 G330.646-00.176    0 330.647064  -0.175225   -16.13     1.00     1   1.303  13.515   0.349   0.329  -1.000  -1.000      0 very-weak
 G330.781+00.246    0 330.782013   0.246612   -43.78     0.56    14   2.911  11.926   0.264   0.254  -1.000  -1.000      0 OK
 G330.876-00.384    0 330.875610  -0.384495   -63.76     0.64    30   3.881  10.969   0.235   0.231  -1.000  -1.000      0 OK
 G330.879-00.368    0 330.877411  -0.368171   -62.87     0.58    30   3.840  11.011   0.235   0.231  -1.000  -1.000      0 OK
 G330.889-00.460    0 330.889404  -0.458933   -66.94     1.11     6   4.027  10.825   0.236   0.232  -1.000  -1.000      0 OK
 G330.927-00.407    0 330.927582  -0.406550   -41.19     0.25    30   2.780  12.078   0.268   0.258  -1.000  -1.000      0 OK
 G330.928-00.407    0 330.928528  -0.406735   -41.12     0.29    30   2.777  12.082   0.268   0.258  -1.000  -1.000      0 OK
 G330.943-00.259    0 330.943146  -0.258257   -89.13     1.65    30   5.030   9.830   0.240   0.246  -1.000  -1.000      0 OK
 G330.954-00.183    0 330.954529  -0.182377   -90.80     0.36    30   5.107   9.755   0.230   0.236  -1.000  -1.000      0 OK
 G330.955-00.183    0 330.954773  -0.182297   -91.20     1.22    30   5.126   9.736   0.236   0.243  -1.000  -1.000      0 OK
 G330.958-00.273    0 330.958313  -0.272814   -87.96     0.42    30   4.976   9.886   0.228   0.232  -1.000  -1.000      0 OK
 G331.025-00.103    0 331.025757  -0.102460   -94.18     0.20    18   5.263   9.609   0.232   0.241  -1.000  -1.000      0 hcop+hcn-only
 G331.064+00.376    0 331.064423   0.376683   -96.26     1.00     2   5.361   9.517   0.239   0.251  -1.000  -1.000      0 weak
 G331.087+00.311    0 331.087555   0.311282   -46.25     0.50    12   3.044  11.837   0.258   0.249  -1.000  -1.000      0 hnc+n2hp
 G331.126+00.368    0 331.126465   0.368682   -99.14     0.30    12   5.497   9.389   0.240   0.254  -1.000  -1.000      0 2nd-pk--55ish
 G331.132-00.245    0 331.132477  -0.244124   -86.85     1.04    30   4.923   9.965   0.229   0.233  -1.000  -1.000      0 OK
 G331.148+00.136    0 331.148529   0.136840   -76.13     0.10    30   4.443  10.447   0.224   0.223  -1.000  -1.000      0 OK
 G331.342-00.346    0 331.342468  -0.345755   -66.07     0.11    30   3.993  10.924   0.229   0.225  -1.000  -1.000      0 OK
 G331.367+00.577    0 331.367432   0.577145   -43.96     1.03     6   2.935  11.986   0.267   0.257  -1.000  -1.000      0 OK
 G331.434-00.284    0 331.434906  -0.283328   -88.20     0.82    22   4.979   9.952   0.225   0.229  -1.000  -1.000      0 OK
 G331.441-00.187    0 331.441986  -0.186499   -88.13     2.59    14   4.976   9.956   0.250   0.255  -1.000  -1.000      0 OK
 G331.493-00.084    0 331.493805  -0.082948   -88.55     0.35    30   4.994   9.945   0.223   0.226  -1.000  -1.000      0 OK
 G331.553-00.123    0 331.553528  -0.121880  -101.03     1.18    30   5.569   9.378   0.243   0.259  -1.000  -1.000      0 OK
 G331.561+00.286    0 331.561951   0.286425   -56.59     0.20    22   3.559  11.389   0.239   0.233  -1.000  -1.000      0 OK
 G331.570-00.229    0 331.570007  -0.228760   -50.14     0.17    30   3.250  11.700   0.249   0.241  -1.000  -1.000      0 OK
 G332.250+00.184    0 332.250641   0.184662   -49.80     0.79    30   3.251  11.794   0.252   0.243  -1.000  -1.000      0 OK
 G332.413-00.154    0 332.413452  -0.153607   -50.02     0.41    30   3.267  11.801   0.249   0.240  -1.000  -1.000      0 OK
 G332.454-00.388    0 332.454987  -0.387194   -41.72     0.04     6   2.850  12.223   0.266   0.255  -1.000  -1.000      0 OK
 G332.543-00.124    0 332.543640  -0.123226   -47.30     0.25    30   3.137  11.949   0.254   0.244  -1.000  -1.000      0 OK
 G332.583+00.145    0 332.583618   0.145899   -45.02     0.25    30   3.023  12.067   0.258   0.248  -1.000  -1.000      0 bad-n2hp-fit
 G332.755-00.466    0 332.756073  -0.465416   -52.84     0.12    30   3.412  11.702   0.243   0.235  -1.000  -1.000      0 OK
 G332.769-00.008    0 332.769562  -0.007528   -96.06     0.48    22   5.303   9.813   0.216   0.221  -1.000  -1.000      0 OK
 G333.016+00.765    0 333.016754   0.766176   -48.47     0.64    30   3.209  11.940   0.253   0.243  -1.000  -1.000      0 OK
 G333.016+00.766    0 333.016327   0.766165   -48.95     0.48    30   3.233  11.917   0.251   0.241  -1.000  -1.000      0 OK
 G333.029-00.062    0 333.029602  -0.060765   -41.76     0.01    28   2.871  12.280   0.266   0.254  -1.000  -1.000      0 OK
 G333.067-00.446    0 333.067780  -0.445703   -53.66     0.42    30   3.461  11.695   0.242   0.233  -1.000  -1.000      0 OK
 G333.221-00.402    0 333.221527  -0.401164   -52.35     0.22    30   3.403  11.773   0.243   0.234  -1.000  -1.000      0 OK
 G333.282-00.488    0 333.283020  -0.487285   -54.70     0.46    30   3.516  11.669   0.240   0.231  -1.000  -1.000      0 OK
 G333.558-00.305    0 333.558685  -0.304576   -48.88     2.93    30   3.247  11.974   0.290   0.277  -1.000  -1.000      0 OK
 G333.721+00.364    0 333.721863   0.364156   -33.31     0.23    30   2.438  12.805   0.290   0.275  -1.000  -1.000      0 OK
 G333.774-00.258    0 333.774292  -0.257148   -49.49     0.41    30   3.285  11.966   0.249   0.239  -1.000  -1.000      0 OK
 G334.138-00.023    0 334.138733  -0.022247   -34.40     2.00     4   2.515  12.783   0.310   0.292  -1.000  -1.000      0 ratty-n2hp;weak-hcop
 G334.184+00.045    0 334.184479   0.045143   -65.52     0.20    22   4.032  11.272   0.220   0.214  -1.000  -1.000      0 poor-hcop-fit
 G334.344+00.049    0 334.344757   0.049159   -68.63     0.24    30   4.170  11.154   0.216   0.210  -1.000  -1.000      0 OK
 G334.647+00.453    0 334.647888   0.453384   -65.71     0.44    30   4.055  11.308   0.219   0.213  -1.000  -1.000      0 OK
 G334.727-00.146    0 334.727875  -0.145075   -31.27     0.33    22   2.359  13.014   0.299   0.282  -1.000  -1.000      0 OK
 G334.746+00.505    0 334.746460   0.506049   -63.41     0.40    12   3.958  11.417   0.222   0.215  -1.000  -1.000      0 OK
 G335.005-00.029    0 335.005219  -0.028323   -92.53     0.32    30   5.149  10.259   0.196   0.196  -1.000  -1.000      0 OK
 G335.013-00.246    0 335.013550  -0.245485   -25.44     0.14     6   2.020  13.389   0.322   0.302  -1.000  -1.000      0 OK
 G335.202-00.382    0 335.203125  -0.381360    -3.16     0.50    16   0.394  15.038  15.098   0.417  -1.000  -1.000      0 weak
 G335.263+00.410    0 335.261078   0.409748   -60.30     1.00     2   3.841  11.599   0.230   0.221  -1.000  -1.000      0 weak
 G335.305-00.282    0 335.305634  -0.281877   -40.54     2.00     6   2.895  12.551   0.291   0.275  -1.000  -1.000      0 use-hnc
 G335.380+00.428    0 335.380005   0.428437   -58.92     0.39    14   3.785  11.670   0.228   0.220  -1.000  -1.000      0 OK
 G335.394-00.173    0 335.394836  -0.171954   -20.00     2.00     2   1.681  13.775   0.376   0.349  -1.000  -1.000      0 use-hnc-weak
 G335.430+00.441    0 335.430786   0.442058   -58.85     1.00     4   3.784  11.677   0.232   0.223  -1.000  -1.000      0 ratty
 G335.591-00.272    0 335.591583  -0.271403   -47.16     0.14    30   3.244  12.237   0.252   0.241  -1.000  -1.000      0 OK
 G335.832-00.358    0 335.835785  -0.357826   -98.84    -1.00     1   5.398  10.112   0.193   0.194  -1.000  -1.000      0 nothing-there
 G335.842-00.098    0 335.842346  -0.096722   -66.48     0.25     6   4.131  11.380   0.214   0.207  -1.000  -1.000      0 OK
 G336.000-00.372    0 336.000702  -0.371047   -79.99     0.30    22   4.683  10.848   0.198   0.194  -1.000  -1.000      0 OK
 G336.018+00.207    0 336.018280   0.207687   -76.11     0.32    30   4.530  11.002   0.202   0.197  -1.000  -1.000      0 OK
 G336.058-00.299    0 336.058075  -0.298457   -40.68     1.26     6   2.936  12.601   0.279   0.264  -1.000  -1.000      0 OK
 G336.211+00.204    0 336.211487   0.204316   -45.74     0.45    30   3.202  12.353   0.257   0.244  -1.000  -1.000      0 OK
 G336.286+00.425    0 336.286438   0.425091   -35.05     0.50     1   2.642  12.923   0.290   0.274  -1.000  -1.000      0 ratty-use-hnc-n2hp
 G336.359-00.139    0 336.360077  -0.138170   -79.53     0.13    30   4.676  10.897   0.196   0.192  -1.000  -1.000      0 OK
 G336.552-00.195    0 336.552368  -0.194532   -84.23     0.25    30   4.862  10.734   0.191   0.188  -1.000  -1.000      0 OK
 G336.807+00.119    0 336.807373   0.119717   -82.52     0.34    30   4.806  10.820   0.192   0.188  -1.000  -1.000      0 OK
 G336.810+00.257    0 336.810150   0.257514   -75.75     0.56    30   4.545  11.081   0.200   0.194  -1.000  -1.000      0 OK
 G336.866+00.003    0 336.866699   0.003024   -73.30     0.16    30   4.451  11.182   0.202   0.196  -1.000  -1.000      0 OK
 G336.882+00.010    0 336.882568   0.010650   -74.50     0.06    30   4.499  11.136   0.200   0.194  -1.000  -1.000      0 OK
 G336.902-00.163    0 336.902679  -0.161934   -71.10     0.80    30   4.365  11.272   0.207   0.200  -1.000  -1.000      0 OK
 G336.936-00.149    0 336.937073  -0.148822   -71.77     1.58    30   4.393  11.248   0.213   0.206  -1.000  -1.000      0 OK
 G336.958-00.978    0 336.958954  -0.977103   -44.52     0.42    30   3.179  12.465   0.260   0.247  -1.000  -1.000      0 OK
 G337.121-00.175    0 337.122223  -0.174094   -75.23     0.49    30   4.538  11.125   0.199   0.193  -1.000  -1.000      0 OK
 G337.174-00.032    0 337.174591  -0.031862   -68.94     0.70    30   4.290  11.379   0.209   0.202  -1.000  -1.000      0 OK
 G337.300-00.874    0 337.300659  -0.873207   -93.17     0.09    30   5.214  10.469   0.181   0.179  -1.000  -1.000      0 OK
 G337.330-00.499    0 337.331055  -0.497984   -39.29     0.03    30   2.927  12.760   0.276   0.260  -1.000  -1.000      0 OK
 G337.388-00.211    0 337.388336  -0.210346   -60.41     0.20    14   3.943  11.750   0.221   0.212  -1.000  -1.000      0 OK
 G337.523+00.065    0 337.523071   0.065072   -58.81     1.50    14   3.881  11.828   0.234   0.224  -1.000  -1.000      0 OK
 G337.533+00.149    0 337.533966   0.149639  -119.02     1.00     2   6.144   9.566   0.187   0.194  -1.000  -1.000      0 use-hcop
 G337.570+00.234    0 337.570282   0.234523   -42.12     0.30     6   3.089  12.625   0.268   0.253  -1.000  -1.000      0 OK
 G337.613-00.060    0 337.612762  -0.058682   -49.69     0.67    30   3.468  12.250   0.248   0.235  -1.000  -1.000      0 OK
 G337.696-00.024    0 337.696869  -0.023771   -50.18     1.59    30   3.496  12.232   0.256   0.243  -1.000  -1.000      0 OK
 G337.705-00.054    0 337.705353  -0.052982   -48.15     0.72    30   3.399  12.330   0.252   0.239  -1.000  -1.000      0 OK
 G337.933-00.506    0 337.933746  -0.505636   -39.02     0.89    30   2.946  12.809   0.282   0.266  -1.000  -1.000      0 OK
 G337.995+00.077    0 337.995697   0.077134  -122.67     0.04    22   6.271   9.490   0.182   0.190  -1.000  -1.000      0 OK
 G338.006+00.017    0 338.006653   0.017752   -62.60     0.27    30   4.070  11.693   0.216   0.207  -1.000  -1.000      0 OK
 G338.075+00.011    0 338.075897   0.012413   -38.00     2.50    24   2.899  12.872   0.316   0.295  -1.000  -1.000      0 use-hnc-n2hp;multiple-pks
 G338.112-00.192    0 338.113220  -0.190851   -50.37     2.00    16   3.530  12.245   0.263   0.248  -1.000  -1.000      0 use-hcn
 G338.125+00.167    0 338.125702   0.167741   -30.87     0.12    30   2.494  13.282   0.311   0.290  -1.000  -1.000      0 OK
 G338.281+00.541    0 338.281647   0.541984   -61.24     0.49    30   4.027  11.766   0.219   0.210  -1.000  -1.000      0 OK
 G338.391+00.171    0 338.391632   0.171941   -31.76     0.81    30   2.562  13.243   0.312   0.291  -1.000  -1.000      0 OK
 G338.402+00.033    0 338.403076   0.033626   -40.71     0.29    30   3.064  12.743   0.273   0.257  -1.000  -1.000      0 OK
 G338.423-00.410    0 338.424347  -0.408843   -37.31     0.36    12   2.881  12.927   0.286   0.268  -1.000  -1.000      0 OK
 G338.434+00.012    0 338.434296   0.012587   -46.56     0.15    30   3.365  12.445   0.254   0.240  -1.000  -1.000      0 OK
 G338.461-00.245    0 338.461975  -0.243574   -55.76     0.83    30   3.799  12.014   0.233   0.222  -1.000  -1.000      0 OK
 G338.473+00.289    0 338.473511   0.289765   -29.64     1.20    28   2.439  13.376   0.327   0.304  -1.000  -1.000      0 OK
 G338.494+00.042    0 338.494934   0.045043   -41.09     0.59    30   3.089  12.727   0.274   0.257  -1.000  -1.000      0 OK
 G338.568+00.109    0 338.568695   0.109879   -79.91     1.68    14   4.781  11.044   0.198   0.192  -1.000  -1.000      0 OK
 G338.569-00.145    0 338.569092  -0.142836  -117.54     0.05    22   6.083   9.742   0.171   0.175  -1.000  -1.000      0 OK
 G338.850+00.408    0 338.850708   0.409018   -57.04     0.10    30   3.879  11.976   0.226   0.216  -1.000  -1.000      0 OK
 G338.913+00.399    0 338.913422   0.399784   -25.83     2.19    30   2.223  13.639   0.371   0.341  -1.000  -1.000      0 2nd-pk--60ish
 G338.917+00.382    0 338.917023   0.382864   -24.69     0.39    30   2.148  13.714   0.346   0.320  -1.000  -1.000      0 2nd-pk--55
 G339.105+00.148    0 339.105591   0.148928   -78.59     0.07    30   4.760  11.123   0.187   0.181  -1.000  -1.000      0 OK
 G339.467+00.084    0 339.467285   0.084600  -110.64     0.20    30   5.863  10.057   0.162   0.162  -1.000  -1.000      0 n2hp-off-IF
 G339.476+00.185    0 339.476532   0.185641   -93.11     1.20    30   5.288  10.633   0.175   0.172  -1.000  -1.000      0 OK
 G339.584-00.128    0 339.584442  -0.127245   -34.63     0.85    30   2.803  13.129   0.303   0.283  -1.000  -1.000      0 OK
 G339.622-00.122    0 339.622467  -0.121143   -34.06     0.27    30   2.772  13.164   0.302   0.281  -1.000  -1.000      0 OK
 G339.834+00.633    0 339.834198   0.633541   -58.53     0.05    30   4.009  11.949   0.222   0.211  -1.000  -1.000      0 OK
 G339.855+00.298    0 339.855438   0.298433   -18.74     1.14    30   1.781  14.179   0.399   0.365  -1.000  -1.000      0 OK
 G339.856+00.700    0 339.855713   0.698766   -59.20     0.05    22   4.039  11.921   0.220   0.209  -1.000  -1.000      0 OK
 G339.924-00.084    0 339.924713  -0.082994   -53.15     0.20    30   3.776  12.191   0.236   0.223  -1.000  -1.000      0 OK
 G339.969-00.165    0 339.969818  -0.164482   -52.19     0.24    30   3.735  12.237   0.238   0.225  -1.000  -1.000      0 OK
 G340.054-00.244    0 340.054535  -0.243410   -52.78     0.36    30   3.768  12.212   0.237   0.224  -1.000  -1.000      0 OK
 G340.249-00.045    0 340.249573  -0.044441  -121.20     0.07    22   6.214   9.786   0.157   0.159  -1.000  -1.000      0 OK
 G340.285-00.072    0 340.285034  -0.076723  -118.43     0.19    22   6.127   9.876   0.156   0.158  -1.000  -1.000      0 OK
 G340.296+00.540    0 340.296417   0.540875   -56.89     0.81    14   3.970  12.035   0.228   0.216  -1.000  -1.000      0 OK
 G340.401-00.378    0 340.401428  -0.377565   -45.72     0.24    14   3.456  12.560   0.258   0.242  -1.000  -1.000      0 OK
 G340.431-00.372    0 340.431366  -0.371183   -46.42     0.80    30   3.493  12.525   0.259   0.243  -1.000  -1.000      0 OK
 G340.764-00.132    0 340.764465  -0.131833   -39.89     0.12    12   3.180  12.871   0.280   0.261  -1.000  -1.000      0 OK
 G340.776-00.119    0 340.776764  -0.118466   -39.75     0.50    30   3.173  12.879   0.282   0.263  -1.000  -1.000      0 use-hnc-n2hp;hcop-at--102
 G340.941-00.274    0 340.941742  -0.273079   -46.36     1.02    14   3.529  12.540   0.262   0.245  -1.000  -1.000      0 OK
 G340.944-00.364    0 340.945129  -0.363587   -45.91     1.36    14   3.506  12.562   0.268   0.250  -1.000  -1.000      0 OK
 G341.038-00.113    0 341.038452  -0.112672   -43.29     0.76    30   3.381  12.697   0.271   0.253  -1.000  -1.000      0 OK
 G341.198-00.220    0 341.198944  -0.220085   -43.90     0.97    14   3.425  12.668   0.270   0.252  -1.000  -1.000      0 OK
 G341.221-00.262    0 341.222046  -0.260976   -44.89     1.28    14   3.477  12.618   0.270   0.252  -1.000  -1.000      0 OK
 G341.600+00.228    0 341.600739   0.226272   -76.31     0.68    14   4.834  11.297   0.185   0.177  -1.000  -1.000      0 OK
 G341.907+00.050    0 341.907562   0.050552  -120.18     0.32     6   6.218   9.942   0.144   0.144  -1.000  -1.000      0 OK
 G341.972+00.296    0 341.972473   0.296969   -20.56     0.15    30   2.042  14.123   0.396   0.360  -1.000  -1.000      0 OK
 G342.058+00.422    0 342.058594   0.422563   -70.80     2.21    30   4.668  11.505   0.210   0.199  -1.000  -1.000      0 OK
 G342.240-00.315    0 342.240173  -0.314461  -123.65     0.08     6   6.326   9.863   0.141   0.142  -1.000  -1.000      0 OK
 G342.246+00.305    0 342.246094   0.305984  -118.75     0.16    22   6.188  10.002   0.142   0.141  -1.000  -1.000      0 OK
 G342.337+00.025    0 342.337036   0.025512    -6.64     1.50     2   0.843  15.355   0.568   0.502  -1.000  -1.000      0 use-hcop
 G342.357+00.108    0 342.357025   0.108130   -93.14     0.15    22   5.446  10.754   0.158   0.153  -1.000  -1.000      0 OK
 G342.369+00.141    0 342.369385   0.141187   -10.32     0.86    30   1.205  14.997   0.506   0.451  -1.000  -1.000      0 OK
 G342.415+00.412    0 342.415863   0.412233  -114.82     0.36    22   6.085  10.121   0.142   0.140  -1.000  -1.000      0 OK
 G342.822+00.382    0 342.822571   0.382531   -81.84     0.51    30   5.118  11.124   0.171   0.164  -1.000  -1.000      0 OK
 G342.904-00.120    0 342.905182  -0.119645   -86.10     0.50    14   5.263  10.985   0.165   0.158  -1.000  -1.000      0 OK
 G343.127-00.063    0 343.127930  -0.062525   -31.56     0.97    30   2.892  13.376   0.335   0.307  -1.000  -1.000      0 OK
 G343.478-00.023    0 343.479248  -0.025710   -29.79     0.27    30   2.811  13.487   0.342   0.313  -1.000  -1.000      0 OK
 G343.492-00.068    0 343.495697  -0.067191   -28.66     0.50    30   2.738  13.562   0.351   0.320  -1.000  -1.000      0 OK
 G343.500+00.026    0 343.500458   0.026199   -29.59     0.06    30   2.800  13.500   0.343   0.313  -1.000  -1.000      0 OK
 G343.503-00.015    0 343.502960  -0.014257   -28.02     0.13    30   2.696  13.604   0.354   0.322  -1.000  -1.000      0 OK
 G343.520-00.519    0 343.520691  -0.518460   -35.16     1.11    14   3.149  13.153   0.318   0.292  -1.000  -1.000      0 OK
 G343.689-00.018    0 343.689575  -0.017287   -35.11     0.55    30   3.163  13.153   0.313   0.287  -1.000  -1.000      0 OK
 G343.720-00.223    0 343.720734  -0.222560   -26.69     0.72    14   2.624  13.694   0.369   0.335  -1.000  -1.000      0 OK
 G343.737-00.113    0 343.737671  -0.112332   -27.82     0.60    30   2.704  13.616   0.359   0.327  -1.000  -1.000      0 OK
 G343.877-00.104    0 343.877716  -0.103839   -22.11     0.41    14   2.305  14.026   0.404   0.364  -1.000  -1.000      0 OK
 G343.901+00.108    0 343.901306   0.108277    10.00     0.05    22  17.750  17.750   0.973   0.821  -1.000  -1.000      1 OK
 G343.902-00.669    0 343.899048  -0.667170   -29.58     0.26    30   2.837  13.496   0.346   0.315  -1.000  -1.000      0 OK
 G344.000-00.580    0 344.000519  -0.579160   -23.73     1.17    14   2.438  13.904   0.401   0.361  -1.000  -1.000      0 OK
 G344.221-00.594    0 344.221863  -0.593042   -24.47     0.19    30   2.512  13.847   0.386   0.349  -1.000  -1.000      0 OK
 G344.251+00.157    0 344.252014   0.157622   -67.41     0.20    12   4.739  11.623   0.193   0.182  -1.000  -1.000      0 OK
 G344.422+00.046    0 344.422333   0.046197   -66.89     0.73    30   4.737  11.639   0.196   0.185  -1.000  -1.000      0 OK
 G344.578+00.213    0 344.578217   0.213598   -62.93     1.87    14   4.601  11.787   0.218   0.204  -1.000  -1.000      0 OK
 G344.582-00.024    0 344.582184  -0.022849    -1.64     0.18    30   0.323  16.065  16.438   0.603  -1.000  -1.000      0 OK
 G344.799-00.648    0 344.800110  -0.647660   -21.48     0.40    18   2.339  14.066   0.420   0.376  -1.000  -1.000      0 OK
 G345.004-00.224    0 345.004669  -0.223488   -29.38     5.37    14   2.936  13.485   0.533   0.461  -1.000  -1.000      0 multiple-wide-pks
 G345.415-00.963    0 345.415619  -0.962076   -22.08     0.54    30   2.446  14.006   0.422   0.377  -1.000  -1.000      0 OK
 G345.424-00.949    0 345.424774  -0.949109   -20.04     1.21    30   2.282  14.171   0.454   0.403  -1.000  -1.000      0 OK
 G345.432-00.724    0 345.432831  -0.723030   -23.55     0.59    14   2.563  13.891   0.409   0.366  -1.000  -1.000      0 OK
 G345.488+00.315    0 345.488312   0.315243   -17.90     0.52    30   2.106  14.352   0.468   0.415  -1.000  -1.000      0 OK
 G345.505+00.348    0 345.505341   0.348118   -17.11     0.27    30   2.037  14.421   0.475   0.421  -1.000  -1.000      0 OK
 G345.548-00.081    0 345.548889  -0.080665    -5.37     0.43    22   0.817  15.645   0.661   0.571  -1.000  -1.000      0 OK
 G345.576-00.226    0 345.576660  -0.225468  -125.76     2.00     1   6.524   9.940   0.126   0.125  -1.000  -1.000      0 ratty;use-0momentv
 G345.649+00.009    0 345.649475   0.009490   -10.81     3.05    14   1.439  15.030   0.669   0.572  -1.000  -1.000      0 prob.multiple-components
 G345.877+00.808    0 345.876984   0.808539   -10.08     0.49    30   1.377  15.109   0.585   0.509  -1.000  -1.000      0 OK
 G346.369-00.648    0 346.369293  -0.645720     5.78     0.26    14  17.388  17.388   1.034   0.854  -1.000  -1.000      1 OK
 G346.482+00.221    0 346.482483   0.222058   -16.40     0.13    30   2.066  14.463   0.501   0.440  -1.000  -1.000      0 OK
 G346.523+00.083    0 346.523285   0.084264     2.78     1.15    30  16.874  16.874   0.957  16.422  -1.000  -1.000      1 OK
 G346.607+00.030    0 346.607208   0.030582   -89.07     0.36    30   5.692  10.846   0.145   0.138  -1.000  -1.000      0 OK
 G346.971+00.150    0 346.971405   0.151023   -33.15     0.63     6   3.423  13.140   0.341   0.307  -1.000  -1.000      0 OK
 G347.125+00.272    0 347.125946   0.272649   -82.93     0.24    30   5.574  10.999   0.152   0.144  -1.000  -1.000      0 OK
 G347.210-00.095    0 347.210663  -0.094543  -120.65     1.54    22   6.522  10.057   0.115   0.112  -1.000  -1.000      0 OK
 G347.294+00.132    0 347.294281   0.133088   -88.47     0.55    30   5.752  10.832   0.143   0.136  -1.000  -1.000      0 OK
 G347.645+00.143    0 347.645630   0.143100   -94.29     0.20    22   5.947  10.659   0.132   0.126  -1.000  -1.000      0 OK
 G347.770+00.146    0 347.769989   0.147110   -90.06     0.69    12   5.851  10.763   0.139   0.132  -1.000  -1.000      0 OK
 G347.850-00.339    0 347.850830  -0.338778   -93.55     0.49    14   5.952  10.667   0.133   0.126  -1.000  -1.000      0 OK
 G347.874-00.311    0 347.874054  -0.310439   -93.29     0.30    22   5.948  10.673   0.132   0.126  -1.000  -1.000      0 OK
 G347.967-00.434    0 347.967621  -0.433386   -95.53     0.23    30   6.016  10.611   0.129   0.123  -1.000  -1.000      0 OK
 G348.003+00.072    0 348.003387   0.072243   -26.51     0.54    22   3.107  13.521   0.405   0.358  -1.000  -1.000      0 OK
 G348.160+00.419    0 348.160492   0.419430    -7.25     0.12    30   1.203  15.436   0.725   0.611  -1.000  -1.000      0 OK
 G348.296+00.430    0 348.296570   0.430719    -6.65     0.24    30   1.132  15.515   0.749   0.628  -1.000  -1.000      0 OK
 G348.580-00.920    0 348.580780  -0.919051   -14.74     0.47    30   2.135  14.529   0.578   0.495  -1.000  -1.000      0 OK
 G348.613-00.910    0 348.613647  -0.909140   -14.05     0.08    30   2.065  14.601   0.590   0.504  -1.000  -1.000      0 OK
 G348.777+00.149    0 348.777191   0.149553   -66.24     0.38    14   5.266  11.409   0.182   0.169  -1.000  -1.000      0 OK
 G348.887+00.097    0 348.887421   0.097992   -70.38     0.32    14   5.423  11.259   0.171   0.159  -1.000  -1.000      0 OK
 G349.092+00.106    0 349.092896   0.106921   -77.60     0.19    30   5.678  11.015   0.153   0.143  -1.000  -1.000      0 OK
 G349.137+00.024    0 349.137146   0.024081    17.35     0.81    30  21.809  21.809   2.980   2.079  -1.000  -1.000      1 OK
 G349.209+00.107    0 349.209381   0.107362  -124.31    -1.00     1   6.770   9.930   0.097   0.094  -1.000  -1.000      0 not-much-there
 G349.352-00.211    0 349.352356  -0.210047    -1.09     2.50     4   0.308  16.399  17.250   0.911  -1.000  -1.000      0 ratty
 G349.355+00.134    0 349.355835   0.134823  -128.15    -1.00     1   6.854   9.853   0.094   0.092  -1.000  -1.000      0 nothing
 G349.485+00.124    0 349.485352   0.124784   -62.33     0.74    14   5.240  11.474   0.193   0.177  -1.000  -1.000      0 OK
 G349.797+00.109    0 349.797058   0.109928   -60.70     0.35    14   5.234  11.498   0.195   0.179  -1.000  -1.000      0 OK
 G349.836-00.527    0 349.836792  -0.526742   -25.45     0.36    30   3.324  13.409   0.434   0.377  -1.000  -1.000      0 OK
 G350.172+00.030    0 350.172119   0.030748   -64.41     0.52    12   5.433  11.317   0.182   0.167  -1.000  -1.000      0 OK
 G350.296+00.123    0 350.296387   0.123787   -60.96     2.06    30   5.333  11.424   0.208   0.189  -1.000  -1.000      0 OK
 G350.343+00.117    0 350.343689   0.117735   -59.25     0.79    30   5.278  11.481   0.200   0.182  -1.000  -1.000      0 OK
 G350.410-00.063    0 350.410980  -0.062866   -27.50     0.50    30   3.595  13.168   0.415   0.360  -1.000  -1.000      0 OK
 G350.498-00.395    0 350.498596  -0.394419   -23.53     0.41    30   3.289  13.478   0.469   0.403  -1.000  -1.000      0 OK
 G350.504+00.958    0 350.504272   0.958385   -10.14     0.36    30   1.836  14.931   0.760   0.625  -1.000  -1.000      0 OK
 G350.522-00.349    0 350.523163  -0.348736   -23.07     0.51    30   3.254  13.514   0.477   0.409  -1.000  -1.000      0 OK
 G350.578+00.367    0 350.578491   0.367370  -242.92    -1.00     1   8.385   8.385   0.000   0.000  -1.000  -1.000      3 nothing
 G350.598+00.682    0 350.598297   0.682310    -2.73     1.83    18   0.655  16.117  16.611   0.895  -1.000  -1.000      0 OK
 G350.646+00.676    0 350.646881   0.676790    -4.31     0.06    22   0.946  15.828  15.876   0.793  -1.000  -1.000      0 OK
 G350.673-00.073    0 350.673248  -0.072348   -24.86     0.10    30   3.437  13.338   0.450   0.387  -1.000  -1.000      0 OK
 G350.679-00.299    0 350.679596  -0.299016   -22.36     2.00    14   3.222  13.554   0.529   0.447  -1.000  -1.000      0 bad-n2hp-fit;use-hnc
 G350.687-00.491    0 350.687531  -0.490049   -17.94     0.08    30   2.796  13.980   0.568   0.479  -1.000  -1.000      0 OK
 G350.724+00.945    0 350.724548   0.946208    -9.27     0.12    30   1.744  15.034   0.799   0.652  -1.000  -1.000      0 OK
 G350.756+00.942    0 350.756439   0.943098    -9.12     0.12    30   1.727  15.052   0.806   0.657  -1.000  -1.000      0 OK
 G350.782-00.027    0 350.782654  -0.026373    19.02     1.00    22  24.826  24.826   5.762   3.401  -1.000  -1.000      1 use-hcop
 G350.855+00.822    0 350.855377   0.822944    -5.37     0.27    30   1.149  15.635   0.965   0.770  -1.000  -1.000      0 OK
 G351.040-00.336    0 351.041992  -0.340250   -18.56     0.38    30   2.929  13.864   0.565   0.475  -1.000  -1.000      0 OK
 G351.227+00.692    0 351.227417   0.692289    -4.40     0.12    30   1.011  15.790  15.827   0.824  -1.000  -1.000      0 OK
 G351.556+00.207    0 351.556458   0.207907   -38.02     0.98    30   4.549  12.267   0.316   0.277  -1.000  -1.000      0 OK
 G351.562+00.186    0 351.562866   0.186676   -41.87     0.95    30   4.763  12.053   0.286   0.252  -1.000  -1.000      0 OK
 G351.565-00.583    0 351.565796  -0.582047   -21.13     0.43    14   3.295  13.521   0.526   0.442  -1.000  -1.000      0 OK
 G351.572+00.762    0 351.572357   0.762969    -3.14     0.41    30   0.795  16.021  16.392   0.901  -1.000  -1.000      0 OK
 G351.619+00.079    0 351.619171   0.079873  -206.35    -1.00     1   8.409   8.409   0.180   0.000  -1.000  -1.000      2 nothing-much
 G351.881-00.368    0 351.881714  -0.368024   -12.90     0.31     6   2.438  14.391   0.739   0.599  -1.000  -1.000      0 OK
 G352.035-00.239    0 352.035309  -0.238032   -11.14     0.71    30   2.226  14.610   0.816   0.653  -1.000  -1.000      0 OK
 G352.074-00.389    0 352.074615  -0.388589   -15.42     0.22    30   2.797  14.041   0.669   0.547  -1.000  -1.000      0 OK
 G352.142-01.016    0 352.142700  -1.015822   -11.59     0.63    30   2.311  14.529   0.803   0.643  -1.000  -1.000      0 OK
 G352.315-00.443    0 352.315521  -0.442978   -10.69     0.39    30   2.215  14.632   0.845   0.671  -1.000  -1.000      0 OK
 G352.492+00.796    0 352.492493   0.796869    -3.06     0.49    30   0.852  16.002  16.460   0.981  -1.000  -1.000      0 OK
 G352.516-00.155    0 352.516754  -0.154475   -47.98     0.33     6   5.289  11.567   0.237   0.210  -1.000  -1.000      0 OK
 G352.857-00.203    0 352.857697  -0.202166   -55.85     0.36    30   5.691  11.177   0.194   0.174  -1.000  -1.000      0 OK
 G353.010+00.983    0 353.010315   0.983746    -4.19     1.03    30   1.159  15.715  15.883   0.980  -1.000  -1.000      0 OK
 G353.043+00.579    0 353.043884   0.579703    -3.78     0.28    30   1.071  15.804  16.070   0.989  -1.000  -1.000      0 OK
 G353.088+00.996    0 353.088501   0.996325    -2.64     1.25    30   0.807  16.069  16.765   1.086  -1.000  -1.000      0 OK
 G353.146+00.663    0 353.146759   0.663426    -3.68     0.24    30   1.061  15.818  16.122   1.004  -1.000  -1.000      0 OK
 G353.147+00.629    0 353.147247   0.630078    -6.83     1.00    22   1.725  15.154   1.143   0.860  -1.000  -1.000      0 2nd-pk-at-+0.5
 G353.164+00.827    0 353.163574   0.827893   -10.30     0.20    30   2.338  14.541   0.919   0.713  -1.000  -1.000      0 bad-n2hp-fit
 G353.190+00.835    0 353.190216   0.835955    -5.91     0.86    30   1.551  15.330   1.207   0.901  -1.000  -1.000      0 OK
 G353.203+00.888    0 353.203308   0.888818    -2.79     0.30    30   0.855  16.026  16.633   1.063  -1.000  -1.000      0 bad-n2hp-fit
 G353.213-00.248    0 353.213562  -0.246918   -16.55     0.23    30   3.218  13.663   0.674   0.542  -1.000  -1.000      0 OK
 G353.261+00.626    0 353.261505   0.627060    -4.89     0.52    30   1.348  15.535   1.285   0.951  -1.000  -1.000      0 OK
 G353.271+00.641    0 353.271393   0.641826    -4.11     0.26    30   1.175  15.707  15.880   0.991  -1.000  -1.000      0 OK
 G353.462+00.563    0 353.462524   0.563726   -46.27     0.32    30   5.464  11.425   0.239   0.210  -1.000  -1.000      0 OK
 G354.187-00.429    0 354.187622  -0.428619    -8.45     0.37    30   2.272  14.641   1.130   0.834  -1.000  -1.000      0 OK
 G354.206-00.038    0 354.206665  -0.036758   -30.15     0.66    30   4.798  12.115   0.392   0.327  -1.000  -1.000      0 OK
 G354.364+00.259    0 354.364502   0.259811     4.01     0.48    30  18.527  18.527   3.455  18.079  -1.000  -1.000      1 OK
 G354.574+00.008    0 354.574127   0.008573   -31.01     0.74    14   4.989  11.935   0.378   0.315  -1.000  -1.000      0 OK
 G354.596+00.468    0 354.596588   0.468570   -21.37     0.11    30   4.204  12.721   0.562   0.449  -1.000  -1.000      0 OK
 G354.615+00.471    0 354.615509   0.471756   -20.02     0.13    30   4.072  12.853   0.600   0.476  -1.000  -1.000      0 OK
 G354.628-00.610    0 354.628052  -0.609486    -3.06     0.34    30   1.108  15.818  16.510   1.215  -1.000  -1.000      0 OK
 G354.660+00.482    0 354.660309   0.482769   -20.63     0.13    30   4.153  12.773   0.583   0.464  -1.000  -1.000      0 OK
 G354.941+00.328    0 354.940979   0.329398   105.87     2.45    20   0.000   0.000   0.000   0.000  -1.000  -1.000      4 ratty;dubious
 G355.060-00.478    0 355.060394  -0.477882    -5.76     0.46    14   1.931  15.006   1.539   1.053  -1.000  -1.000      0 OK
 G355.182-00.419    0 355.183319  -0.419077    -2.71     0.14    30   1.095  15.845  16.813   1.330  -1.000  -1.000      0 OK
 G355.191-00.484    0 355.191559  -0.483382    -5.29     0.11    30   1.848  15.092   1.627   1.097  -1.000  -1.000      0 OK
 G355.265-00.269    0 355.265625  -0.268957    -3.11     0.73    30   1.239  15.703  16.508   1.313  -1.000  -1.000      0 OK
 G355.412+00.103    0 355.412384   0.103960     4.86     0.51    30  19.666  19.666   5.963  19.492  -1.000  -1.000      1 OK
 G355.567-00.728    0 355.567566  -0.727406    -6.72     0.20    22   2.332  14.617   1.521   1.023  -1.000  -1.000      0 OK
 G356.173-00.531    0 356.173645  -0.530571     4.60     1.50     4  20.211  20.211   9.700  19.797  -1.000  -1.000      1 ratty;use-hcn
 G356.408+00.126    0 356.408600   0.126693    -4.34     0.35    30   1.977  14.989  15.277   1.341  -1.000  -1.000      0 OK
 G356.426+00.105    0 356.426025   0.105499    -5.24     0.25    14   2.274  14.693   2.043   1.237  -1.000  -1.000      0 OK
 G356.858+00.327    0 356.857971   0.327449   -13.78     0.19    30   4.396  12.579   0.940   0.648  -1.000  -1.000      0 OK
 G357.460+00.599    0 357.460144   0.599144    -8.06     0.07    22   3.713  13.270   1.743   1.012  -1.000  -1.000      0 OK
 G357.487-00.331    0 357.487213  -0.330927     4.29     0.14    12  22.588  22.588  53.665  21.956  -1.000  -1.000      1 OK
 G357.706-00.292    0 357.706085  -0.291908     5.12     0.50    30  26.310  26.310  26.310  26.290  -1.000  -1.000      1 OK
 G358.205-00.018    0 358.205627  -0.017218   -39.02    -0.50    16   7.157   9.835   0.168   0.136  -1.000  -1.000      0 multiple-close-pks
 G358.883+00.052    0 358.883423   0.053026    -2.01     0.50    30   2.613  14.383  29.180   2.520  -1.000  -1.000      0 bad-n2hp-fit
 G358.884-00.353    0 358.884674  -0.352740   -22.96     2.00     1   7.079   9.918   0.347   0.235  -1.000  -1.000      0 ratty;use-hnc;2nd-pk--78.7
 G359.138+00.030    0 359.138031   0.030962   -13.79     2.00    30   6.750  10.248   0.785   0.415  -1.000  -1.000      0 use-hcop;2nd-pk--2.3
 G359.210-00.076    0 359.211090  -0.075531    26.79     0.13    18   0.000   0.000   0.000   0.000  -1.000  -1.000      4 OK
 G359.598-00.225    0 359.598358  -0.224618    18.41     0.39    30   0.000   0.000   0.000   0.000  -1.000  -1.000      4 OK
 G359.606+00.013    0 359.606506   0.013849   -74.61     4.94    22   8.326   8.673   0.019   0.016  -1.000  -1.000      0 wide-multiple-cmpnts
 G359.656-00.300    0 359.657074  -0.299049    15.82     0.06    30   0.000   0.000   0.000   0.000  -1.000  -1.000      4 OK
 G359.913-00.130    0 359.914032  -0.129202    32.37     2.35    14   0.000   0.000   0.000   0.000  -1.000  -1.000      4 wide-multipe-cmpnts
 G359.941+00.173    0 359.941895   0.173645    15.03     0.50    30   0.000   0.000   0.000   0.000  -1.000  -1.000      4 use-hcop-hcn;2nd-pk--1.
 G359.997-00.475    0 359.997986  -0.473945    18.97     0.17    30   0.000   0.000   0.000   0.000  -1.000  -1.000      4 OK
